version: 1
creator: callgrind-3.11.0
pid: 11640
cmd:  ./HashNoOpt
part: 1


desc: I1 cache: 
desc: D1 cache: 
desc: LL cache: 

desc: Timerange: Basic block 0 - 588027959
desc: Trigger: Program termination

positions: line
events: Ir
summary: 3418641105


ob=(3) /lib/x86_64-linux-gnu/libc-2.23.so
fl=(106) /build/glibc-9tT8Do/glibc-2.23/string/../sysdeps/x86_64/multiarch/strcmp-sse2-unaligned.S
fn=(508) __strcmp_sse2_unaligned
24 20631127
+1 20631127
+1 20631127
+1 20631127
+1 20631127
+1 20631127
+1 20631127
+1 17534886
+1 17534886
+1 17534886
+1 17534886
+1 17534886
+1 17534886
+1 17534886
+1 17534886
+1 17534886
+2 17534886
+1 17534886
+1 17534886
+1 17534886
+1 17534886
+4 2348
+1 2348
+1 2348
+1 2348
+1 2348
+1 2348
+1 2348
+1 2348
+1 2348
+1 2348
+1 2348
+1 2348
+1 2348
+1 2348
+1 2348
+1 2348
+1 2348
+1 2348
+1 2348
+1 2348
+1 2348
+1 2348
+1 2348
+1 2348
+1 2348
197 6693216
+1 6693216
+1 4581960
+1 4581960
+1 4581960
+2 7678201
+1 7678201
+1 7678201
+1 7678201
+1 984985
+2 984985
+1 984985
-1 2111256
+1 2111256

fl=(78) /build/glibc-9tT8Do/glibc-2.23/string/../sysdeps/x86_64/multiarch/../memset.S
fn=(324) __GI_memset
53 1
+1 1
+1 1
+1 1
+1 1
+2 1
+1 1
+17 1
+1 1
+1 1
+1 1
+1 1
+1 1
+1 1
+1 1
+1 1
+1 1
+1 1
+1 1
+1 1
+1 2
+3 1
+1 1
+1 1
+1 1
+1 1
+1 1
+1 1
-6 2050
+1 2050
+1 2050
+1 2050
+1 2050
+1 2050
+1 2050
+1 1

fl=(58) /build/glibc-9tT8Do/glibc-2.23/misc/init-misc.c
fn=(232) __init_misc
31 2
-1 3
+1 4
+2 3
cfi=(59) /build/glibc-9tT8Do/glibc-2.23/string/../sysdeps/x86_64/strrchr.S
cfn=(234) rindex
calls=1 -9 
* 24
+4 5
+1 3
+2 4

fl=(60) /build/glibc-9tT8Do/glibc-2.23/ctype/ctype-info.c
fn=(236) __ctype_init
31 5
+2 1
+2 1
-4 1
+4 1
-4 1
+2 3
+2 3

fl=(89) /build/glibc-9tT8Do/glibc-2.23/libio/iofopen.c
fn=(372) __fopen_internal
61 6
+8 1
-8 2
+8 1
cob=(2) ???
cfi=(16) ???
cfn=(374) 0x0000000004c498a0
calls=1 -69 
* 184
+2 3
+3 1
+3 4
-3 1
+3 2
cfi=(81) /build/glibc-9tT8Do/glibc-2.23/libio/genops.c
cfn=(342) _IO_no_init
calls=1 599 
* 58
+4 1
+1 1
-1 1
+1 1
cfi=(90) /build/glibc-9tT8Do/glibc-2.23/libio/fileops.c
cfn=(378) _IO_file_init@@GLIBC_2.2.5
calls=1 +62 
* 94
+4 5
cfi=(90)
cfn=(382) _IO_file_fopen@@GLIBC_2.2.5
calls=1 249 
* 121
* 1
+1 1
-1 1
+6 5
-5 1
cfn=(392) __fopen_maybe_mmap
calls=1 -46 
* 4

fn=(370) fopen@@GLIBC_2.2.5
97 2
cfn=(372)
calls=1 -36 
* 500

fn=(392)
41 1
-2 1
+2 1
+15 1

fl=(102) /build/glibc-9tT8Do/glibc-2.23/string/../sysdeps/x86_64/strtok.S
fn=(478) strtok
66 269765
+1 269765
+2 269765
+1 269765
+1 269765
+1 269765
+1 8902245
+12 269765
+2 269765
+4 269765
+1 269765
+1 269765
+1 269765
+1 269765
+6 269765
+1 269765
+1 269765
-2 809295
+1 809295
+1 809295
+1 809295
+2 809295
+1 809295
+1 809295
+1 809295
+2 809295
+1 809295
+1 809295
+1 809295
+2 809295
+1 809295
+1 809295
+1 809295
+1 809295
+4 269765
+11 269765
+2 269765
+1 269765
+1 269765
-4 33556
+2 33556
+1 33556
+1 33556
+2 99307
+1 99307
+1 99307
+2 45293
+1 45293
+1 45293
+2 33718
+1 33718
+1 33718
+2 162
+1 162
+1 162
+4 162
+2 162
+2 162
+1 162
+1 162
-11 11575
+1 11575
+4 11575
+2 11575
+2 11575
+1 11575
+1 11575
-10 54014
+4 54014
+2 54014
+2 54014
+1 54014
+1 54014
-6 204014
+2 204014
+2 204014
+1 204014
+1 204014
-4 170445
+2 170445
+1 170445
+1 170445
+2 369746
+1 369746
+1 369746
+2 309268
+1 309268
+1 309268
+2 243491
+1 243491
+1 243491
+2 73046
+1 73046
+1 73046
+2 73046
+1 73046
-4 65777
+1 65777
+2 65777
+1 65777
-3 60478
+2 60478
+1 60478
-1 70464
+1 70464
+2 269764
+3 269764
+1 269764
+1 269764
+3 269764
+4 269764
+2 269764
-2 1
+2 1
+3 1
+2 1
+1 1

fl=(48) /build/glibc-9tT8Do/glibc-2.23/elf/../sysdeps/unix/sysv/linux/dl-vdso.c
fn=(182) _dl_vdso_vsym
27 8
+4 8
-3 8

fl=(63) /build/glibc-9tT8Do/glibc-2.23/elf/dl-altinit.c
fn=(246) dlinit_alt
33 3
+1 1

fl=(52) ???
fn=(196) memcpy@GLIBC_2.2.5
0 18

fl=(107) /build/glibc-9tT8Do/glibc-2.23/stdlib/exit.c
fn=(512) exit
104 1
-1 1
+1 2
cfn=(514) __run_exit_handlers
calls=1 -69 
* 778

fn=(514)
35 8
+5 1
cfi=(108) /build/glibc-9tT8Do/glibc-2.23/stdlib/cxa_thread_atexit_impl.c
cfn=(516) __call_tls_dtors
calls=1 145 
* 11
* 1
+6 8
+4 6
+3 1
-1 1
+2 5
+33 1
+1 1
-1 1
+1 1
+6 2
+1 5
cfi=(81)
cfn=(554) _IO_cleanup
calls=1 948 
* 133
* 3
+2 2
cfi=(112) /build/glibc-9tT8Do/glibc-2.23/posix/../sysdeps/unix/sysv/linux/_exit.c
cfn=(558) _Exit
calls=1 -70 
* 5
-19 1
+4 1
-4 1
+2 1
+2 1
-2 2
+2 1
cob=(1) /lib/x86_64-linux-gnu/ld-2.23.so
cfi=(109) /build/glibc-9tT8Do/glibc-2.23/elf/dl-fini.c
cfn=(518) _dl_fini
calls=1 +48 
* 573
+1 1

fl=(108)
fn=(516)
145 3
+1 4
+18 4

fl=(92) /build/glibc-9tT8Do/glibc-2.23/string/../string/strstr.c
fn=(390) __GI_strstr
53 7
+10 3
+2 2
+1 1
+23 8
-26 1
-5 2

fl=(75) /build/glibc-9tT8Do/glibc-2.23/elf/dl-addr.c
fn=(306) _dl_addr
126 9
+5 1
-5 2
+5 2
cob=(1)
cfi=(2) /build/glibc-9tT8Do/glibc-2.23/elf/rtld.c
cfn=(50) rtld_lock_default_lock_recursive
calls=1 688 
* 2
+2 2
cob=(1)
cfi=(65) /build/glibc-9tT8Do/glibc-2.23/elf/../sysdeps/x86_64/dl-trampoline.h
cfn=(259) _dl_runtime_resolve_sse'2
calls=1 -69 
* 1190
* 5
+2 2
30 1
+1 1
-1 1
+1 1
+3 2
+5 1
+6 1
-7 1
+2 2
+2 1
-2 1
+2 1
+3 1
+5 8
+2 1
+1 2
-1 1010
+1 2020
+2 3628
+9 2010
+7 24
-2 24
+2 2259
-2 2211
+2 5750
-10 11175
+2 8940
+1 14318
+7 1011
-21 2022
+49 3
+1 1
+1 3
+3 2
+37 2
cob=(1)
cfi=(2)
cfn=(52) rtld_lock_default_unlock_recursive
calls=1 694 
* 2
+3 9
-28 1
+1 1
+21 2

fl=(90)
fn=(418) _IO_file_read
1216 12
cfi=(91) /build/glibc-9tT8Do/glibc-2.23/io/../sysdeps/unix/syscall-template.S
cfn=(420) read
calls=3 84 
* 21

fn=(468) _IO_file_finish@@GLIBC_2.2.5
200 1
+1 1
-1 1
+1 1
+6 2
+1 1
-1 1
cfi=(81)
cfn=(470) _IO_default_finish
calls=1 639 
* 19

fn=(410) _IO_file_stat
1229 2
+1 6
cfi=(96) /build/glibc-9tT8Do/glibc-2.23/io/../sysdeps/unix/sysv/linux/wordsize-64/fxstat.c
cfn=(412) _fxstat
calls=2 34 
* 20

fn=(382)
249 7
+11 2
+2 3
+25 12
+41 6
cfn=(384) _IO_file_open
calls=1 214 
* 45
+3 1
-3 1
+3 1
+17 3
cfi=(92)
cfn=(390)
calls=1 53 
* 24
+1 1
-1 1
+1 1
-83 1
-1 1
-15 2
425 1
-76 1
+76 7

fn=(378)
144 2
+4 1
-4 2
+5 1
-1 1
+3 1
cfi=(81)
cfn=(380) _IO_link_in
calls=1 -53 
* 81
+1 1
+1 4

fn=(384)
214 6
+3 2
+8 2
+3 2
+3 1
-3 1
-1 1
+1 2
+3 1
-3 1
+3 1
+10 2
cfi=(81)
cfn=(380)
calls=1 98 
* 4
+1 1
+1 4
-22 4
cfi=(91)
cfn=(386) open
calls=1 84 
* 7
* 3

fn=(414) _IO_file_seek
1223 4
cfi=(97) /build/glibc-9tT8Do/glibc-2.23/misc/../sysdeps/unix/syscall-template.S
cfn=(416) lseek
calls=2 84 
* 10

fn=(404) _IO_file_seekoff@@GLIBC_2.2.5
986 28
+8 8
+6 13
+3 2
+25 6
+23 4
cfn=(410)
calls=1 1229 
* 14
* 2
+86 32
1000 6
+3 4
+12 4
+3 3
+5 2
cfi=(81)
cfn=(406) _IO_doallocbuf
calls=1 395 
* 267
+1 1
+4 1
-4 3
+1 3
+3 1
+35 1
+1 1
-1 1
+1 2
+3 1
-1 3
+2 2
-17 4
+2 1
+1 2
+9 7
+17 4
+4 4
+1 2
-1 4
+2 2
+5 2
-7 2
+1 2
+1 2
+5 2
-5 2
+5 4
cfn=(414)
calls=2 1223 
* 14
+1 2
-1 2
+1 2
+2 4
+4 8
cfn=(418)
calls=1 1216 
* 11
+3 3
932 4
+2 4
+2 4
+5 6
+10 4
+1 4
+13 4
+10 4
1092 2
+3 1
+14 1
+3 1
+1 1
-1 1
-3 5
+2 3
+3 1
-5 1
+3 1
+1 1
-1 1
-3 5
+2 3
+3 1

fn=(442) _IO_file_xsgetn
1360 7
+7 1
-7 1
+7 1
+11 4
+2 3
+1 2
-1 3
+1 2
+8 4
+13 4
+9 6
+1 8
+18 2
-8 6
+1 6
+7 2
+1 12
+3 8
cfn=(418)
calls=2 1216 
* 22
+1 4
+12 1
-2 1
+1 1
+1 2
+1 2
-70 2
+74 1
+1 1
-1 1
+1 5
-16 1
+1 2

fn=(458) _IO_file_close
1250 5
+1 1

fn=(454) _IO_file_close_it@@GLIBC_2.2.5
160 3
-2 2
+9 1
-9 1
+5 5
+6 1
+3 1
-3 1
cfi=(81)
cfn=(456) _IO_unsave_markers
calls=1 1049 
* 7
+3 2
+4 3
+9 5
cfi=(81)
cfn=(348) _IO_setb
calls=1 380 
* 158
+1 2
+3 1
-3 1
+1 3
+2 1
cfi=(81)
cfn=(452) _IO_un_link
calls=1 60 
* 3
+5 2
-4 1
+1 1
+1 1
+2 1
+1 4
-23 3
cfn=(458)
calls=1 1250 
* 6
* 2

fl=(96)
fn=(412)
34 2
-1 2
+1 2
+1 12
+4 2

fl=(103) /build/glibc-9tT8Do/glibc-2.23/string/../sysdeps/x86_64/strlen.S
fn=(486) strlen
66 20269764
+1 20269764
+1 20269764
+1 20269764
+1 20269764
+1 20269764
+1 20269764
+2 20269764
+2 20269764
+30 20031336
+1 20031336
+1 20031336
+1 20031336
+1 20031336
+1 20013640
+1 20013640
+4 17696
+1 17696
+1 17696
+1 17696
+1 17696
+1 17696
+1 17696
+1 17696
+1 17696
+1 17696
+1 17696
+1 17696
+5 141568
+4 238428
+1 3337992
+1 1860024
+14 23700
+1 23700
+1 47400
+49 23700
+1 23700
+1 23700
+1 23700
+1 23700
+1 23700
+1 23700
+1 23700
+16 23700
+2 23700
+1 331800
+2 23700
+1 23700
+1 23700
+1 23700

fl=(112)
fn=(558)
27 2
+4 1
+2 2

fl=(87) /build/glibc-9tT8Do/glibc-2.23/misc/sbrk.c
fn=(360) sbrk
34 3
+8 3
-8 9
+8 15
+4 6
+4 12
+12 5
-19 2
cfi=(88) /build/glibc-9tT8Do/glibc-2.23/misc/../sysdeps/unix/sysv/linux/x86_64/brk.c
cfn=(362) brk
calls=1 -12 
* 12
* 4
+15 4
cfi=(88)
cfn=(362)
calls=2 -27 
* 24
* 4
+4 10

fl=(99) /build/glibc-9tT8Do/glibc-2.23/libio/ioftell.c
fn=(430) ftell
34 2
+3 2
-3 2
+3 28
+1 10
cfi=(94) /build/glibc-9tT8Do/glibc-2.23/libio/ioseekoff.c
cfn=(402) _IO_seekoff_unlocked
calls=2 +2 
* 94
* 2
+1 6
+22 4
fi=(98) /build/glibc-9tT8Do/glibc-2.23/libio/libioP.h
866 4
+1 16
fe=(99)
45 6

fl=(69) /build/glibc-9tT8Do/glibc-2.23/setjmp/../sysdeps/x86_64/bsd-_setjmp.S
fn=(284) _setjmp
30 1
+2 1
cfi=(70) /build/glibc-9tT8Do/glibc-2.23/setjmp/../sysdeps/x86_64/setjmp.S
cfn=(286) __sigsetjmp
calls=1 -6 
* 28

fl=(110) /build/glibc-9tT8Do/glibc-2.23/stdlib/cxa_finalize.c
fn=(540) __cxa_finalize
31 4
+17 1
-17 4
+4 4
+4 6
-4 3
+32 4
+4 6
-4 3
+12 2
+3 1
-2 1
+2 6
-2 1
cfi=(111) /build/glibc-9tT8Do/glibc-2.23/nptl/unregister-atfork.c
cfn=(542) __unregister_atfork
calls=1 -52 
* 10

fl=(88)
fn=(362)
31 24
+8 3
-6 6
+7 3

fl=(94)
fn=(402)
40 8
-1 12
+10 14
+1 2
+15 12
+1 8
-1 4
cfi=(90)
cfn=(404)
calls=4 986 
* 570

fl=(82) /build/glibc-9tT8Do/glibc-2.23/libio/strops.c
fn=(346) _IO_str_init_static_internal
36 16408
+4 4102
+6 10255
cfi=(81)
cfn=(348)
calls=2051 380 
* 36918
+5 2051
-3 2051
+1 2051
+1 2051
+1 2051
+2 2051
+1 2051
+1 2051
+9 2051
+1 12306
-23 2051
+1 8204

fl=(83) /build/glibc-9tT8Do/glibc-2.23/stdio-common/vfprintf.c
fn=(350) vfprintf
1236 16408
+31 6153
+8 6153
+4 10255
+11 10255
+11 2051
fi=(113) /build/glibc-9tT8Do/glibc-2.23/stdio-common/printf-parse.h
108 6153
fe=(83)
1316 2051
-15 10255
fi=(113)
108 2051
cfi=(84) /build/glibc-9tT8Do/glibc-2.23/string/../sysdeps/x86_64/strchr.S
cfn=(352) strchrnul
calls=2051 -84 
* 41020
fe=(83)
1316 2051
fi=(113)
108 2051
fe=(83)
1312 2051
+4 4102
+4 16408
cfi=(81)
cfn=(354) _IO_default_xsputn
calls=2051 425 
* 118904
* 8204
1685 4102
+1 4102
+2 2051
+1 16408
1275 4102
+45 4102
+4 2051
-4 2051
+4 4102
+4 24612
1552 4102
-21 4102
1632 4102
-1 4102
1370 30765
-7 2051
-1 2051
-3 2051
-1 2051
+8 2051
+4 2051
-3 2051
-10 2051
-1 2051
-1 2051
-1 2051
-1 2051
+14 2051
-15 2051
-1 2051
-1 2051
-1 2051
+18 4102
1649 2051
+2 4102
+8 2051
fi=(113)
108 4102
fe=(83)
1659 2051
fi=(113)
108 2051
fe=(83)
1659 2051
fi=(113)
108 4102
cfi=(84)
cfn=(352)
calls=2051 -84 
* 41020
fe=(83)
1663 2051
-4 2051
+4 22561
cfi=(81)
cfn=(354)
calls=2051 425 
* 8204
* 26663
+2 6153
-34 121005
cfi=(81)
cfn=(354)
calls=2051 425 
* 113408
* 20510
+1 4102
-1 24612
cfi=(85) /build/glibc-9tT8Do/glibc-2.23/stdio-common/_itoa.c
cfn=(356) _itoa_word
calls=2051 168 
* 105638
* 100492

fl=(70)
fn=(286)
26 1
+9 1
+1 2
+1 1
+4 1
+1 1
+1 1
+1 1
+1 1
+2 2
+2 1
+1 1
+1 1
+2 2
+2 1
+9 1
cfi=(71) /build/glibc-9tT8Do/glibc-2.23/setjmp/sigjmp.c
cfn=(288) __sigjmp_save
calls=1 -36 
* 9

fl=(97)
fn=(416)
84 8
+1 2

fl=(100) /build/glibc-9tT8Do/glibc-2.23/libio/iofread.c
fn=(438) fread
31 2
+1 2
-1 3
+4 2
+2 20
+1 3
cfi=(81)
cfn=(440) _IO_sgetn
calls=1 467 
* 131
fi=(98)
866 1
fe=(100)
38 1
fi=(98)
866 1
+1 8
fe=(100)
40 2
+1 1
-1 2
+1 1
-1 1
+1 4

fl=(68) /build/glibc-9tT8Do/glibc-2.23/stdlib/cxa_atexit.c
fn=(268) __new_exitfn
73 2
+6 1
-6 1
+6 1
-6 1
+6 4
+2 6
+2 3
-2 1
+10 2
-10 2
+45 1
+1 1
+3 4
+3 5
-21 1
+1 2

fn=(266) __cxa_atexit
57 5
-22 1
+22 1
-22 1
cfn=(268)
calls=1 +38 
* 38
+2 2
+4 1
+3 1
+1 1
-4 2
+2 1
+4 1
+1 1
+11 4

fl=(71)
fn=(288)
28 1
+1 1
-1 2
+1 2
+5 3

fl=(111)
fn=(542)
28 4
+8 1
+3 2
+82 3

fl=(59)
fn=(234)
24 1
+1 1
+1 1
+1 1
+1 1
+1 1
+1 1
+1 1
+1 1
+1 1
+1 1
+1 1
+1 1
+1 1
+1 1
+1 1
+1 1
+1 1
+1 1
+1 1
+1 1
+1 1
+1 1
+1 1

fl=(95) /build/glibc-9tT8Do/glibc-2.23/libio/filedoalloc.c
fn=(408) _IO_file_doallocate
95 5
+15 6
cfi=(90)
cfn=(410)
calls=1 1229 
* 14
* 2
+2 4
+11 3
+4 2
cob=(2)
cfi=(16)
cfn=(374)
calls=1 0 
* 181
* 1
+2 1
-1 2
+2 4
cfi=(81)
cfn=(348)
calls=1 380 
* 18
+1 1
+1 5

fl=(79) /build/glibc-9tT8Do/glibc-2.23/stdio-common/sprintf.c
fn=(338) sprintf
27 14357
+4 2051
+1 2051
-1 10255
+1 2051
cfi=(80) /build/glibc-9tT8Do/glibc-2.23/libio/iovsprintf.c
cfn=(340) vsprintf
calls=2051 * 
* 1318317
+4 4102

fl=(45) /build/glibc-9tT8Do/glibc-2.23/string/../sysdeps/x86_64/multiarch/strcmp.S
fn=(506) strcmp
87 1
+2 1
+1 1
+1 1
+12 1

fn=(186) strncasecmp
129 1
+1 1
+1 1
+1 1
+1 1
+1 1
+1 1
+1 1
+1 1
+5 1

fn=(176) strcasecmp
109 1
+1 1
+1 1
+1 1
+1 1
+1 1
+1 1
+1 1
+1 1
+5 1

fl=(101) /build/glibc-9tT8Do/glibc-2.23/libio/iofclose.c
fn=(450) fclose@@GLIBC_2.2.5
39 3
+14 1
-14 1
+14 2
+9 4
cfi=(90)
cfn=(468)
calls=1 200 
* 27
+1 3
+18 6
+3 2
cob=(2)
cfi=(16)
cfn=(460) 0x0000000004c498a8
calls=1 -84 
* 129
+4 5
-34 1
cfi=(81)
cfn=(452)
calls=1 +6 
* 88
+2 19
+1 2
+1 2
cfi=(90)
cfn=(454)
calls=1 160 
* 222
* 3
fi=(98)
866 2
+1 9
fe=(101)
78 2

fl=(49) /build/glibc-9tT8Do/glibc-2.23/string/../sysdeps/x86_64/multiarch/strcspn.S
fn=(184) strcspn
45 1
+1 1
+1 1
+1 1
+1 1
+1 1

fn=(188) strpbrk
45 1
+1 1
+1 1
+1 1
+1 1
+1 1

fl=(73) /build/glibc-9tT8Do/glibc-2.23/malloc/hooks.c
fn=(300) malloc_hook_ini
29 4
fi=(74) /build/glibc-9tT8Do/glibc-2.23/malloc/arena.c
260 1
fe=(73)
30 1
fi=(74)
260 1
fe=(73)
30 1
fi=(74)
260 1
fi=(72) /build/glibc-9tT8Do/glibc-2.23/malloc/malloc.c
2909 7
+2 3
cfn=(316) _int_malloc
calls=1 3347 
* 887
+3 1
-3 1
+3 1
+8 4
+2 6
fe=(73)
33 4
fi=(72)
2909 6
+12 1
cfi=(74)
cfn=(304) ptmalloc_init.part.5
calls=1 258 
* 58104
* 1
-15 2
fe=(73)

fl=(51) /build/glibc-9tT8Do/glibc-2.23/time/../sysdeps/unix/sysv/linux/x86/gettimeofday.c
fn=(192) gettimeofday
37 1
-1 1
+1 6
fi=(47) /build/glibc-9tT8Do/glibc-2.23/time/../sysdeps/generic/dl-hash.h
+11 3
+14 4
-17 3
+3 9
+14 12
-17 9
fe=(51)
-8 3
+3 2
-3 1
+3 1
cfi=(48)
cfn=(182)
calls=1 -13 
* 6
+1 3
+1 2

fl=(72)
fn=(464) _int_free
3839 18
+13 2
-13 2
+13 4
+6 8
+1 4
+11 8
+13 4
4103 16
3958 4
+1 6
+15 4
+8 6
+6 4
+1 4
+1 4
1884 6
3999 4
+7 4
+65 4
+1 4
+3 6
3960 10
+8 2
-4 2
+4 6
-7 4
4091 6
+1 6
+1 10
-41 2
+1 6
+1 4
-80 10
4077 10

fn=(316)
3347 11583
-30 7722
+30 3861
-30 15444
+30 11583
-30 3861
+30 11583
+4 11583
+14 7722
+2 11571
+2 3857
-1 3857
-1 3857
+1 3857
+5 7714
+29 7722
+2 11574
+1 11574
+2 3858
-2 3858
+2 7716
+39 26
+1 6
+1 2
cfn=(318) malloc_consolidate
calls=1 4142 
* 651
3817 54054
-2 3861
+2 3861
-2 3861
+2 7722
5000 3861
3815 3861
+2 3861
5002 3861
3817 3861
5002 3861
3817 11583
5002 7722
3817 15444
5000 7722
3467 19305
3831 34749
3601 7722
+73 7722
+1 7722
+1 7722
+1 7722
+1 7722
+5 7722
+4 11583
+3 15432
-3 11574
+3 15432
-3 7716
+3 11571
3790 3861
+3 3861
-2 7722
+2 7722
+17 8
3603 9
+3 3
-3 3
+3 9
1877 16
3446 27
3825 12
cfn=(320) sysmalloc
calls=4 2266 
* 615
+1 8
-28 3857
-3 3857
+1 3857
+2 3857
-1 3857
+1 7714
+2 3857
-2 15428
+2 3857
+3 3857
1877 11571

fn=(462) free
2932 10
+5 4
+1 4
+6 4
+5 2
-2 2
+2 4
+16 6
+1 4
cfn=(464)
calls=2 3839 
* 204
+1 12

fn=(320)
2266 32
+20 4
+11 4
-11 4
+11 4
+1 16
fi=(74)
488 6
fe=(72)
2313 10
+65 2
+1 6
+10 2
-9 2
+9 8
+6 8
+3 6
2721 4
+1 2
+8 8
+5 2
-3 2
+3 2
-2 2
+2 6
+1 2
-1 2
-1 2
+4 2
-3 4
+1 2
+8 36
2389 7
-90 6
+14 8
+6 4
+19 6
+15 6
+5 6
+1 10
+3 6
+1 10
+98 2
-8 8
+8 2
+21 10
cfi=(86) /build/glibc-9tT8Do/glibc-2.23/malloc/morecore.c
cfn=(358) __default_morecore
calls=2 46 
* 109
* 2
+1 2
+3 8
+3 4
+1 4
+20 4
+26 4
+2 4
+6 2
-6 2
+6 4
+1 5
2319 2
2462 2
+10 10
+8 2
-8 2
+8 2
+67 7
+37 2
+6 3
+19 1
+3 2
+1 5
+2 1
-2 1
+2 1
+1 3
cfi=(86)
cfn=(358)
calls=1 46 
* 25
+12 2
+8 1
+1 1
-1 2
+1 2
+39 1
+1 1
-2 1
+1 3
+12 1
-12 1
+1 1
+11 1
2537 5
2321 14
cfi=(77) /build/glibc-9tT8Do/glibc-2.23/misc/../sysdeps/unix/sysv/linux/wordsize-64/mmap.c
cfn=(322) mmap
calls=2 33 
* 66
+2 4

fn=(318)
4142 2
4994 4
1806 3
-3 2
+3 378
-3 252
+7 3
+5 1
+2 1
-2 2
-1 3

fn=(376) malloc
2900 6
+5 4
+1 4
+3 16
+2 6
cfn=(316)
calls=2 3347 
* 271
+3 2
-3 2
+3 2
+8 8
+2 22
+3 8
-18 12

fn=(298) calloc
3170 3859
+15 3859
-15 11577
+10 3859
+5 7718
-15 3859
+10 3859
+5 7718
+8 7718
+1 7718
+12 27006
+6 3858
+8 3858
-7 7716
+7 7716
+14 11574
cfn=(316)
calls=3858 3347 
* 575341
+3 3858
-3 3858
+3 34717
+10 7716
+1 15432
+3 7716
+6 11574
+2 4
+50 23148
3206 23148
+62 3857
-3 3857
+3 26997
+11 3856
+1 7712
+1 7712
-2 1
+1 2
+1 2
+2 7714
+8 3857
-3 3857
+1 3857
+1 7714
+1 3857
+4 1807
-2 1807
+1 1807
+1 1807
+4 1807
-2 1807
+1 1807
+1 1807
+10 5
-25 1
cfi=(78)
cfn=(324)
calls=1 53 
* 14380
-87 3
cfi=(73)
cfn=(300)
calls=1 29 
* 59037
+4 1
-3 1
+3 2
-3 1

fl=(93) /build/glibc-9tT8Do/glibc-2.23/libio/fseek.c
fn=(400) fseek
32 2
+3 2
-3 4
+3 28
+1 8
cfi=(94)
cfn=(402)
calls=2 +4 
* 536
* 8
fi=(98)
866 4
+1 16
fe=(93)
39 6

fl=(46) /build/glibc-9tT8Do/glibc-2.23/time/../sysdeps/unix/sysv/linux/x86/time.c
fn=(178) time
38 1
-1 1
+1 6
fi=(47)
+10 3
+14 4
-17 3
+3 9
+14 12
-17 9
fe=(46)
-7 3
+3 2
-3 1
+3 1
cfi=(48)
cfn=(182)
calls=1 -14 
* 6
+1 3
+1 2

fl=(50) /build/glibc-9tT8Do/glibc-2.23/string/../sysdeps/x86_64/multiarch/strspn.S
fn=(190) strspn
30 1
+1 1
+1 1
+1 1
+1 1
+1 1

fl=(86)
fn=(358)
46 3
+1 3
cfi=(87)
cfn=(360)
calls=3 -13 
* 113
+1 9
+4 6

fl=(84)
fn=(352)
24 4102
+1 4102
+1 4102
+1 4102
+1 4102
+1 4102
+1 4102
+1 4102
+1 4102
+1 4102
+1 4102
+1 4102
+1 4102
+1 4102
+1 4102
+1 4102
+1 4102
+1 4102
+2 4102
+7 4102

fl=(81)
fn=(440)
467 3
cfi=(90)
cfn=(442)
calls=1 1360 
* 128

fn=(556) _IO_flush_all_lockp
760 8
+6 3
+11 2
+16 2
-17 2
-1 2
+1 3
-1 1
+1 1
+3 9
+10 6
+4 3
-2 3
+2 6
+7 3
-27 6
+31 2
+2 2
+4 9
-38 1
-6 1
+5 1
+2 2
+6 12

fn=(452)
60 4
-1 4
+5 6
+1 10
+2 1
-2 1
+1 1
+1 1
-2 1
+2 1
-2 1
+2 13
+2 1
-2 3
+2 2
+2 2
+13 1
+2 1
-2 1
+2 8
+2 1
-1 1
+1 8
+1 2
+3 5
-6 7
-13 1
+1 1
-1 2

fn=(456)
1049 1
-2 1
+2 1
+19 3
+2 1

fn=(380)
98 6
-1 2
+3 2
-3 1
+5 1
-2 1
+2 5
+1 10
+2 1
-2 1
+1 1
+1 1
-2 1
+2 1
-2 1
+2 13
+2 1
-2 1
+4 1
+2 1
-3 1
-1 1
+4 7
+2 1
-1 1
+1 8
+1 2
+3 5
-6 7

fn=(348)
380 6159
+1 8214
+3 2053
+2 8212
-3 2053
+3 4106
+3 6162
-7 1
cob=(2)
cfi=(16)
cfn=(460)
calls=1 0 
* 129
* 5

fn=(470)
639 4
+2 3
+6 3
+3 3
60 2
662 4

fn=(554)
948 2
+3 1
-3 2
-50 1
+50 1
+3 1
cfn=(556)
calls=1 760 
* 90
-63 1
+63 1
-63 2
+40 3
-40 9
+2 6
+2 6
+71 7

fn=(344) _IO_old_init
586 2052
-16 2052
+1 2052
+15 2052
+5 2052
-21 2052
+2 2052
+1 2052
+1 2052
+17 2052
-16 2052
+1 2052
+1 2052
+1 2052
+1 2052
+1 2052
+2 2052
+1 2052
+1 2052
+1 2052
+6 2052
+1 2055

fn=(342)
599 18468
+1 2052
cfn=(344)
calls=2052 -14 
* 45147
+3 2052
-2 2052
+2 2052
+2 1
+1 1
+1 1
+1 1
+1 1
+1 1
+1 1
+1 1
+1 1
+1 1
+1 1
+1 1
+2 1
+7 1
+1 6
-1 2051
+1 12306
-3 4102

fn=(406)
395 2
-1 3
+3 4
+1 3
cfi=(95)
cfn=(408)
calls=1 95 
* 249
* 2
+3 4

fn=(354)
425 12306
-3 41010
+8 16404
+2 12303
+3 8202
+10 12303
+5 12303
-1 8202
+1 33579
-1 22386
+2 12303
+2 4101
+2 8202
+4 4101
+1 4101
-1 4101
+1 24609

fl=(80)
fn=(340)
32 4102
+7 2051
-7 6153
+7 2051
-7 6153
+7 6153
-2 2051
+2 2051
cfi=(81)
cfn=(342)
calls=2051 599 
* 90244
+1 2051
+1 8204
-1 2051
+1 2051
cfi=(82)
cfn=(346)
calls=2051 -5 
* 108703
+1 8204
cfi=(83)
cfn=(350)
calls=2051 1236 
* 1041432
* 2051
+1 8204
+2 14357

fl=(67) /build/glibc-9tT8Do/glibc-2.23/csu/../csu/libc-start.c
fn=(264) (below main)
134 7
+4 1
-4 3
+4 3
+82 1
-82 1
+82 1
+1 4
cfi=(68)
cfn=(266)
calls=1 57 
* 60
+22 4
+3 2
+1 5
cob=(5) /media/ilya/48AC7766EB621CC7/Programms_Codelite/Industrial Programming/HashTbl/HashNoOpt
cfi=(64) ???
cfn=(270) __libc_csu_init
calls=1 0 
* 56
+4 4
+15 2
+12 2
cfi=(69)
cfn=(284)
calls=1 30 
* 30
+1 2
+5 2
+1 2
+3 2
+3 6
cob=(5)
cfi=(64)
cfn=(290) main
calls=1 0 
* 3418548221
+34 2
cfi=(107)
cfn=(512)
calls=1 104 
* 782
138 2

fl=(55) /build/glibc-9tT8Do/glibc-2.23/csu/../csu/init-first.c
fn=(226) _init
52 8
+6 3
+14 1
fi=(57) /build/glibc-9tT8Do/glibc-2.23/csu/../sysdeps/unix/sysv/linux/x86_64/init-first.c
-36 1
fe=(55)
+34 1
+1 1
fi=(57)
-35 3
fe=(55)
+36 1
fi=(57)
-36 3
fi=(56) /build/glibc-9tT8Do/glibc-2.23/csu/../sysdeps/generic/dl-hash.h
+12 3
+14 4
-17 3
+3 9
+14 12
-17 9
fi=(57)
-9 3
+2 2
-2 1
+2 2
cfi=(48)
cfn=(182)
calls=1 -11 
* 6
+1 2
+5 2
-3 2
+1 1
+2 1
cfi=(48)
cfn=(182)
calls=1 -17 
* 6
fe=(55)
+42 3
fi=(57)
-41 2
+1 1
fe=(55)
+40 1
cfi=(58)
cfn=(232)
calls=1 -55 
* 48
+8 1
cfi=(60)
cfn=(236)
calls=1 -63 
* 16
+5 6
-34 1
-7 1
+7 4
fi=(57)
-25 2
fe=(55)

fl=(91)
fn=(420)
84 6
cfn=(422) __read_nocancel
calls=3 * 
* 15

fn=(386)
84 2
cfn=(388) __open_nocancel
calls=1 * 
* 5

fn=(422)
84 15

fn=(388)
84 5

fl=(61) /build/glibc-9tT8Do/glibc-2.23/string/../sysdeps/x86_64/cacheinfo.c
fn=(242) intel_check_word
133 12
+6 6
-7 30
+7 24
-7 6
+7 6
+2 6
-2 6
+2 6
+68 10
+3 30
-69 5
+2 10
-2 8
+2 16
+8 26
+51 26
+22 13
fi=(62) /build/glibc-9tT8Do/glibc-2.23/string/../bits/stdlib-bsearch.h
27 13
+1 26
+3 26
+1 13
fe=(61)
+89 26
fi=(62)
-90 42
+1 21
fe=(61)
+89 42
+3 84
fi=(62)
-95 61
+2 61
-2 61
+2 106
+1 53
fe=(61)
+89 106
231 12
+14 2
+6 11
141 22
-6 4
256 24
fi=(62)
37 23
-8 48
fe=(61)
233 2
+2 4
+2 2
+19 12

fn=(238) init_cacheinfo
482 2
+12 1
-12 3
+12 3
+2 4
cfn=(240) handle_intel
calls=1 262 
* 776
+4 2
-4 1
+4 1
cfn=(240)
calls=1 262 
* 489
+2 1
-2 1
-1 1
+3 1
+9 2
+2 1
+1 1
+2 1
+5 2
+9 4
-9 4
+9 16
-9 12
+6 8
+69 4
+1 5
+55 2
+2 1
+1 1
+2 1
-3 1
+5 1
-5 1
+4 3
+4 2
+2 1
+1 1
+2 1
-3 1
+5 1
-5 1
+4 2
+3 1
-3 1
+3 5
532 1
+32 1
-26 6
+7 5
+2 1
+1 1
+1 2
-4 4
+2 1
+1 1
+1 6
+2 2
-6 2
+6 2
+5 1
+2 2
+1 1
-1 1
+1 3
+6 1
-1 1
+1 5

fn=(240)
262 4
-1 4
+17 2
-17 12
+14 2
+1 4
-3 6
+23 8
cfn=(242)
calls=2 133 
* 680
+1 4
+3 10
cfn=(242)
calls=2 133 
* 349
+1 4
+3 5
cfn=(242)
calls=1 133 
* 24
+1 2
+3 5
cfn=(242)
calls=1 133 
* 100
+1 2
-25 4
+5 2
-5 6
+5 2
+2 2
+1 2
-1 4
+27 16

fl=(85)
fn=(356)
168 8204
+2 4102
+9 89230
+9 4102

fl=(77)
fn=(322)
33 2
-1 20
+1 6
+1 20
+2 14
-3 4

fl=(104) /build/glibc-9tT8Do/glibc-2.23/ctype/../include/ctype.h
fn=(494) __ctype_b_loc
38 1078040
+1 539020

fl=(74)
fn=(304)
258 6
+13 1
-8 1
+8 1
+6 3
+2 5
+16 2
-56 64
-18 195
+2 128
+1 2
+1 2
340 2
+6 2
+1 2
+2 1
+1 7
-78 5
cfi=(75)
cfn=(306)
calls=1 126 
* 57669
* 2
+1 3

ob=(2)
fl=(16)
fn=(460)
0 2
cob=(3)
cfi=(72)
cfn=(462)
calls=2 2932 
0 256

fn=(214) 0x0000000004a28530
0 6

fn=(538) 0x0000000004a28570
0 1
cob=(3)
cfi=(110)
cfn=(540)
calls=1 31 
0 56

fn=(552) 0x0000000004a287b8
0 3

fn=(84) 0x0000000004000ab0
0 1
cob=(1)
cfi=(17) /build/glibc-9tT8Do/glibc-2.23/elf/dl-minimal.c
cfn=(86) free
calls=1 120 
0 6

fn=(272) 0x0000000000400810
0 4

ob=(3)
fl=(74)
fn=(304)
273 1

ob=(2)
fl=(16)
fn=(272)
0 2

fn=(374)
0 2
cob=(3)
cfi=(72)
cfn=(376)
calls=2 2900 
0 363

fn=(530) 0x0000000000401ff4
0 3

ob=(5)
fl=(64)
fn=(524) 0x00000000004009c0
0 8

fn=(290)
0 12
cfn=(292) HashTble_ctor
calls=1 0 
0 2411295
0 5
cob=(1)
cfi=(65)
cfn=(259)
calls=1 64 
0 1324
0 5
0 4
cfn=(394) File_Len
calls=1 0 
0 2499
0 7
cob=(3)
cfi=(72)
cfn=(298)
calls=1 3170 
0 304
0 1
0 8
cob=(1)
cfi=(65)
cfn=(259)
calls=1 64 
0 1065
0 5
0 3
cob=(1)
cfi=(65)
cfn=(259)
calls=1 64 
0 1387
0 5
0 4
cfn=(328) ListElem_ctor
calls=1 0 
0 58
0 8
cfn=(472) HashTble_DoTest
calls=1 0 
0 116916341
0 7
cfn=(510) EmulatorReq
calls=1 0 
0 3299213868
0 6

fn=(326) List_ctor
0 38988
cfn=(328)
calls=2052 0 
0 119016
0 12312
cfn=(332) List_ok
calls=2052 0 
0 116964
0 4104

fn=(276) 0x0000000000400a60
0 16

fn=(480) Hash_Func_6
0 71888348
cob=(3)
cfi=(103)
cfn=(486)
calls=10269763 66 
0 166768492
cob=(1)
cfi=(65)
cfn=(259)
calls=1 64 
0 895
0 10269768
0 189463736
cfn=(488) rol
calls=49461560 0 
0 579549306
0 819473528

fn=(488)
0 579549306

fn=(498) ListElem_add_end
0 56017

fn=(510)
0 60000010
cfn=(480)
calls=10000000 0 
0 1794692660
0 90000000
cfn=(496) HashTble_Found
calls=10000000 0 
0 992129101
0 50000000
cob=(3)
cfi=(103)
cfn=(486)
calls=10000000 66 
0 162392092
0 10000000
0 140000005

fn=(520) 0x0000000000400a40
0 5
cfn=(524)
calls=1 0 
0 8
0 3

fn=(496)
0 391075423
cob=(3)
cfi=(106)
cfn=(508)
calls=20631126 24 
0 454987555
cob=(1)
cfi=(65)
cfn=(259)
calls=1 64 
0 866
0 20631131
0 149601663

fn=(292)
0 21
cob=(1)
cfi=(65)
cfn=(259)
calls=1 64 
0 74284
0 5
0 10
cfn=(326)
calls=1 0 
0 142
0 12
cfn=(326)
calls=1 0 
0 142
0 275
cob=(1)
cfi=(65)
cfn=(259)
calls=1 64 
0 1461
0 5
0 10254
cob=(3)
cfi=(72)
cfn=(298)
calls=2050 3170 
0 486091
0 2050
0 14350
cob=(3)
cfi=(79)
cfn=(338)
calls=2050 27 
0 1352569
0 2050
0 20500
cfn=(326)
calls=2050 0 
0 291100
0 8206
cfn=(364) HashTble_ok
calls=1 0 
0 147763
0 5

fn=(270)
0 15
cob=(2)
cfi=(16)
cfn=(272)
calls=1 0 
0 6
0 8
cfn=(276)
calls=1 0 
0 16
0 11

fn=(364)
0 27
cfn=(332)
calls=1 0 
0 57
0 11
cfn=(332)
calls=1 0 
0 57
0 16404
cfn=(332)
calls=2050 0 
0 116850
0 14357

fn=(332)
0 90288
cfn=(330) ListElem_ok
calls=4104 0 
0 119016
0 24624

fn=(250) _start
0 11
cob=(1)
cfi=(65)
cfn=(258) _dl_runtime_resolve_sse
calls=1 64 
0 3418550158
0 5

fn=(394)
0 11
cob=(1)
cfi=(65)
cfn=(259)
calls=1 64 
0 1313
0 5
0 3
cob=(1)
cfi=(65)
cfn=(259)
calls=1 64 
0 909
0 5
0 6
cob=(3)
cfi=(93)
cfn=(400)
calls=1 32 
0 149
0 1
0 3
cob=(3)
cfi=(99)
cfn=(430)
calls=1 34 
0 88
0 1
0 5

fn=(472)
0 13
cob=(1)
cfi=(65)
cfn=(259)
calls=1 64 
0 1038
0 5
0 1079059
cfn=(480)
calls=269764 0 
0 42721413
0 539528
cob=(3)
cfi=(104)
cfn=(494)
calls=269763 38 
0 809289
cob=(1)
cfi=(65)
cfn=(259)
calls=1 64 
0 936
0 269768
0 3236660
cob=(3)
cfi=(104)
cfn=(494)
calls=269256 38 
0 807768
0 269256
0 1618584
cfn=(496)
calls=269764 0 
0 24167537
0 814713
cob=(3)
cfi=(72)
cfn=(298)
calls=1807 3170 
0 442881
0 1807
0 10842
cfn=(328)
calls=1807 0 
0 104806
0 19877
cfn=(498)
calls=1807 0 
0 56017
0 2150884
cob=(3)
cfi=(102)
cfn=(478)
calls=267957 66 
0 36463100
0 267957
0 5421
cob=(3)
cfi=(102)
cfn=(478)
calls=1807 66 
0 246078
0 1807
0 809297

fn=(328)
0 104220
cfn=(330)
calls=3860 0 
0 111940
0 7720

fn=(330)
0 230956

ob=(4) /usr/lib/valgrind/vgpreload_core-amd64-linux.so
fl=(54) ???
fn=(218) 0x0000000000000650
0 17

fn=(532) 0x0000000000000610
0 8
cob=(2)
cfi=(16)
cfn=(538)
calls=1 0 
0 57
0 1
cfn=(546) 0x0000000000000580
calls=1 0 
0 9
0 3

fn=(546)
0 9

ob=(1)
fl=(18) /build/glibc-9tT8Do/glibc-2.23/string/../sysdeps/x86_64/multiarch/../memcpy.S
fn=(46) memcpy
61 14
+2 14
+2 14
+3 12
+1 12
+2 3
+1 3
+2 3
+1 3
+5 3
+1 3
-1 9
+1 9
+2 5
+1 5
+2 5
+1 10
+5 5
+1 5
-1 7
+1 7
+2 3
+1 3
+2 3
+1 3
+5 3
+1 3
-1 9
+1 9
+2 7
+1 7
+2 7
+1 7
+5 7
+1 7
-1 5
+1 10
+5 5
+1 5
+1 5
+1 5
+2 5
+2 5
+1 5
+2 5
+8 12
+8 6
+6 6
+2 6
+1 6
+3 2
+1 6
+5 2
+1 2
+2 2
+2 2
+1 2
+2 2
-8 6
+1 6
+2 6
+2 6
+1 6
+2 10
+9 2
+1 2
-1 4
+1 4
+3 6
+1 6
+1 6
+5 5
+2 5
+1 5
+1 5
+1 5
+2 5
+1 5
+1 5
+1 5
+2 5
+1 5
+2 5
+22 6
+6 6
+1 6
+2 2

fl=(44) /build/glibc-9tT8Do/glibc-2.23/elf/dl-reloc.c
fn=(164) _dl_relocate_object
149 40
+15 4
-15 8
+15 4
+1 24
+6 8
+6 12
-18 8
+22 8
+7 4
-32 4
+32 4
+44 4
fi=(5) /build/glibc-9tT8Do/glibc-2.23/elf/../sysdeps/x86_64/dl-machine.h
76 12
fe=(44)
232 8
fi=(5)
76 12
+6 6
+4 9
+14 3
-8 3
+10 3
-2 6
+20 6
+9 3
fe=(44)
258 164
-98 18
fi=(5)
301 24
fe=(44)
-43 3
fi=(4) /build/glibc-9tT8Do/glibc-2.23/elf/do-rel.h
58 3
-10 3
-1 6
+11 3
-11 3
+11 3
fe=(44)
258 1
-98 6
fi=(5)
301 8
fe=(44)
-43 1
fi=(4)
58 1
-10 1
-1 2
+11 1
-11 1
+11 1
fe=(44)
258 4
fi=(4)
58 4
-10 4
-1 8
+11 4
-11 4
+11 4
+3 15
fi=(5)
528 52
+4 52
+2 78
+1 26
fi=(4)
61 99
+2 136
+2 26
-4 3
+13 6
+1 5
+1 16
fi=(5)
528 8
+26 8
fi=(4)
75 8
fi=(5)
554 16
cob=(3)
cfi=(52)
cfn=(196)
calls=1 0 
* 18
cob=(3)
cfi=(51)
cfn=(192)
calls=1 37 
* 66
cob=(3)
cfi=(50)
cfn=(190)
calls=1 30 
* 6
cob=(3)
cfi=(49)
cfn=(188)
calls=1 45 
* 6
cob=(3)
cfi=(45)
cfn=(186)
calls=1 129 
* 10
cob=(3)
cfi=(49)
cfn=(184)
calls=1 45 
* 6
cob=(3)
cfi=(46)
cfn=(178)
calls=1 38 
* 66
cob=(3)
cfi=(45)
cfn=(176)
calls=1 109 
* 10
fi=(4)
75 8
fi=(5)
555 8
fi=(4)
75 11
fe=(44)
258 2
fi=(4)
75 14
fe=(44)
258 14
+3 16
+24 4
+3 8
+17 12
+2 32
fi=(4)
84 5
-1 5
+3 10
-3 5
+3 5
+12 15
+10 6
+3 8
fi=(5)
512 2
fi=(4)
112 4
fi=(5)
512 1194
fi=(4)
112 2380
fi=(5)
512 2380
+5 2384
+1 2384
fi=(4)
111 2384
fi=(5)
518 1192
fi=(4)
111 1192
+7 15
+6 4
-3 8
+3 10
fi=(5)
447 9
fi=(4)
127 368
+9 184
+3 92
-3 92
+3 92
fi=(5)
269 92
fi=(4)
138 92
-2 92
+1 368
fi=(5)
269 92
+21 184
+4 184
+7 1755
fi=(4)
137 75
fi=(5)
301 150
fi=(4)
137 75
fi=(5)
301 75
fi=(4)
137 75
fi=(5)
301 1200
cfi=(6) /build/glibc-9tT8Do/glibc-2.23/elf/dl-lookup.c
cfn=(170) _dl_lookup_symbol_x
calls=75 806 
* 41832
* 600
+2 234
+3 90
-3 180
+3 270
+6 552
fe=(44)
178 8
fi=(5)
435 234
fi=(4)
124 282
+19 6
fi=(5)
301 54
fi=(4)
108 3
fi=(5)
407 42
+4 70
+14 70
fe=(44)
313 20
+3 4
-3 8
+3 4
+4 8
+1 16
cfi=(38) /build/glibc-9tT8Do/glibc-2.23/misc/../sysdeps/unix/syscall-template.S
cfn=(124) mprotect
calls=4 84 
* 20
* 12
fi=(5)
123 15
+6 12
fe=(44)
258 3
fi=(4)
129 8
fi=(5)
301 87
fi=(4)
160 7
+2 20
+8 10
+1 5
-1 5
+1 5
fi=(5)
+98 5
fi=(4)
-99 15
fi=(5)
+99 5
+21 10
+4 10
+7 180
cfi=(6)
cfn=(170)
calls=5 806 
* 2409
* 35
+2 15
+3 1
-3 2
+3 3
+6 30
435 15
fi=(4)
160 17
+14 2
fi=(5)
301 6
fe=(44)

fl=(14) /build/glibc-9tT8Do/glibc-2.23/string/../sysdeps/x86_64/multiarch/../memcmp.S
fn=(30) bcmp
24 13
+1 13
+1 13
+1 13
+1 13
+1 13
+1 13
+1 13
+3 13
+1 13
+1 5
+1 5
+1 5
+1 5
+1 5
+1 5
+1 5
+2 12
+1 12
+1 4
+1 4
+1 4
+1 4
+1 4
+1 4
+1 4
+2 12
+1 12
+1 5
+1 5
+1 5
+1 5
+1 2
+1 2
+1 2
+2 9
+1 9
+1 5
+1 5
+1 5
+1 5
+5 4
+1 4
+1 4
+1 4
+1 4
+1 4
+1 4
+1 2
+1 2
+1 2
+1 2
+1 2
+7 2
+2 3
+4 8
+1 8
+1 1
+1 1
+1 1
+1 1
+1 1
+1 1
+1 1
+1 1
+1 1
+1 1
+1 1
+4 9
+1 9

fl=(9) /build/glibc-9tT8Do/glibc-2.23/elf/../sysdeps/unix/sysv/linux/dl-sysdep.c
fn=(60) _dl_discover_osversion
45 7
+2 3
+85 8
-45 3
cfi=(21) /build/glibc-9tT8Do/glibc-2.23/posix/../sysdeps/unix/syscall-template.S
cfn=(62) uname
calls=1 -3 
* 5
* 1
+15 1
-15 1
+20 1
-1 1
+3 12
+4 3
-2 6
+2 9
+7 3
-1 3
+4 3
-2 3
+2 10
+5 2

fl=(41) /build/glibc-9tT8Do/glibc-2.23/io/../sysdeps/unix/sysv/linux/wordsize-64/xstat.c
fn=(138) _xstat
34 4
-1 4
+1 4
+1 24
+4 1
-4 12

fl=(24) /build/glibc-9tT8Do/glibc-2.23/io/../sysdeps/unix/syscall-template.S
fn=(110) open
84 28
+1 3
+1 20

fn=(130) close
84 12
+1 3

fn=(68) access
84 12
+2 15

fn=(112) read
84 8
+1 2

fl=(23) /build/glibc-9tT8Do/glibc-2.23/elf/dl-hwcaps.c
fn=(66) _dl_important_hwcaps
39 6
+3 1
-3 2
+3 1
-1 1
+1 1
+9 1
-12 4
+12 2
+10 4
162 2
-47 3
cfi=(24)
cfn=(68)
calls=1 -31 
* 9
* 2
+55 3
+2 2
+1 5
+4 2
+4 1
-4 1
+1 1
+3 1
+3 1
+1 1
-1 1
+4 3
+1 1
-1 9
+1 1
+18 10
+1 2
-1 1
+1 3
cfi=(17)
cfn=(40) malloc
calls=1 94 
* 29
* 1
+1 1
-1 1
+1 5
+29 1
+3 1
-3 2
+3 1
+23 7
+6 2
-1 2
+1 6
-1 8
+5 6
+3 1
-3 1
+3 1
-3 3
+3 1
-3 1
+3 5
+1 12
+1 4
-1 4
+1 8
-2 4
+1 8
-1 14
+4 4
+4 1
-1 1
+2 1
-2 1
+1 1
+1 1
-2 1
+2 10
+13 2
+1 1
-1 1
+3 2
-3 2
+1 1
-1 1
+3 2
+3 4
+3 1
-1 1
+1 9
113 1
+17 1
+1 1
-1 9
243 6
cfi=(25) /build/glibc-9tT8Do/glibc-2.23/string/../sysdeps/x86_64/memcpy.S
cfn=(70) mempcpy
calls=1 61 
* 22
* 4
cfi=(25)
cfn=(70)
calls=1 61 
* 18
+1 4
cfi=(25)
cfn=(70)
calls=1 61 
* 22
* 4
cfi=(25)
cfn=(70)
calls=1 61 
* 18
* 12

fl=(26) /build/glibc-9tT8Do/glibc-2.23/misc/../sysdeps/unix/sysv/linux/wordsize-64/mmap.c
fn=(72) mmap
33 9
-1 90
+1 23
+1 90
+2 63
-3 20

fl=(7) /build/glibc-9tT8Do/glibc-2.23/elf/../elf/dl-sysdep.c
fn=(202) _dl_sysdep_start_cleanup
256 1

fn=(12) _dl_sysdep_start
86 8
+25 1
-1 1
+1 201
+6 1
-3 1
+1 1
-4 1
+3 1
+3 4
+1 2
-1 25
+1 105
-1 102
+62 1
+1 1
-1 1
+1 1
-29 1
+1 2
+11 1
+1 1
-1 1
+1 1
-7 1
+1 1
-1 1
+1 1
-4 1
+1 2
-25 1
+1 2
-4 1
+1 2
-7 1
+1 1
+2 1
+1 1
fi=(9)
-90 2
cfi=(10) /build/glibc-9tT8Do/glibc-2.23/elf/../sysdeps/unix/sysv/linux/x86_64/brk.c
cfn=(18) brk
calls=1 -4 
* 11
fi=(5)
223 5
fi=(8) /build/glibc-9tT8Do/glibc-2.23/elf/../sysdeps/x86/cpu-features.c
61 2
+3 1
-3 1
+3 9
175 3
+1 1
+3 2
+1 1
+2 2
+1 7
+7 3
+57 2
fe=(7)
-16 1
fi=(8)
+27 1
+1 1
+1 1
fe=(7)
-29 1
+1 1
cfi=(11) /build/glibc-9tT8Do/glibc-2.23/string/../sysdeps/x86_64/strlen.S
cfn=(22) strlen
calls=1 66 
* 32
* 1
+2 2
cfi=(12) /build/glibc-9tT8Do/glibc-2.23/elf/../misc/sbrk.c
cfn=(24) sbrk
calls=1 34 
* 17
* 3
+12 3
+3 5
cfi=(2)
cfn=(26) dl_main
calls=1 738 
* 87724
+1 1
+1 8
fi=(8)
-4 2
+1 4
+1 4
29 2
+4 1
-4 1
+5 1
-1 1
+2 1
-1 1
+1 1
-2 1
+1 1
+1 1
+1 1
-7 2
+3 1
+4 1
+5 1
+32 2
-32 1
+27 1
+5 1
+3 1
+1 8
+57 2
-66 2
250 2
+1 7
fe=(7)

fl=(19) /build/glibc-9tT8Do/glibc-2.23/string/../sysdeps/x86_64/multiarch/../strcmp.S
fn=(54) strcmp
144 227
+1 227
+2 227
+1 227
+21 227
+1 227
+1 173
+1 173
+1 167
+1 167
+1 167
+1 167
+21 167
+1 167
+1 167
+1 167
+1 167
+1 167
+1 167
+5 5
+1 5
+9 5
+1 5
+1 5
+1 5
+1 5
+1 5
+1 5
+1 5
-7 60
+1 60
+1 60
+1 60
+1 60
+1 60
+1 60
+1 60
+1 64
+1 55
+1 55
+1 55
+2 55
+1 55
+1 55
+1 55
+1 55
+1 55
-5 9
+1 9
+1 9
+1 9
+1 9
+1 9
+10 1
+1 1
+1 1
+2 1
+6 1
+1 1
+1 1
+1 1
+1 1
+5 1
821 1
+1 1
+1 1
+1 1
+1 1
+2 1
+1 1
+1 1
+1 1
+1 1
+1 1
+1 1
+1 1
+4 1
+1 1
+1 1
+6 1
+1 1
+1 2
+4 1
+1 1
+3 1
+1 1
+1 1
+3 1
+1 1
+1 1
+6 1
+1 1
+1 1
+1 1
+1 1
+1 1
1196 5
+1 5
+1 5
+1 5
+1 5
+2 5
+1 5
+1 5
+1 5
+1 5
+1 5
+1 5
1321 19
+1 19
+1 19
+1 19
+1 19
+2 19
+1 19
+1 19
+1 19
+1 19
+1 19
+1 19
+1 1
+4 1
+1 1
+1 1
+6 1
+1 1
+1 2
+4 1
+1 1
+3 1
+1 1
+1 1
+3 1
+1 1
+1 1
+6 1
+1 1
+1 1
+1 1
+1 1
+1 1
1571 1
+1 1
+1 1
+1 1
+1 1
+2 1
+1 1
+1 1
+1 1
+1 1
+1 1
+1 1
1696 1
+1 1
+1 1
+1 1
+1 1
+2 1
+1 1
+1 1
+1 1
+1 1
+1 1
+1 1
1821 4
+1 4
+1 4
+1 4
+1 4
+2 4
+1 4
+1 4
+1 4
+1 4
+1 4
+1 4
+1 4
+4 4
+1 4
+1 4
+6 4
+1 4
+1 8
+4 4
+1 4
+3 3
+1 3
+1 3
+3 3
+1 3
+1 3
+6 3
+1 3
+1 3
+1 3
+1 3
+1 3
+44 1
+1 1
+1 1
+1 1
+13 1
+1 1
+1 1
+1 1
+9 2
+1 2
+1 2
+1 2
+1 2
+2 2
+1 2
+1 2
+1 2
+1 2
+1 2
+1 2
+1 1
+4 1
+1 1
+1 1
+6 1
+1 1
+1 2
+4 1
+1 1
+3 1
+1 1
+1 1
+3 1
+1 1
+1 1
+6 1
+1 1
+1 1
+1 1
+1 1
+1 1
+72 31
+1 31
+1 31
+1 31
+1 31
+2 31
+1 31
+1 31
+1 31
+1 31
+1 31
+1 31
+2 1
+4 1
+1 1
+1 1
+6 1
+1 1
+2 2
+4 1
+1 1
+3 1
+1 1
+1 1
+3 1
+1 1
+1 1
+6 1
+1 1
+1 1
+1 1
+1 1
+1 1
+67 1
+1 1
+1 1
+1 2
+4 1
+2 1
+1 1
+1 1
+1 1
-5 7
+2 7
+1 7
+1 7
+1 7
-3 57
+1 57
+1 57
+1 57
+1 165
+5 55
+6 55
+1 55
+8 55
+1 55
-16 172
+6 172
+1 172
+8 172
+1 172

fl=(12)
fn=(24)
34 4
+8 6
+4 2
+16 5

fl=(13) /build/glibc-9tT8Do/glibc-2.23/elf/dl-environ.c
fn=(28) _dl_next_ld_env_entry
30 3
+3 10
+13 62
-13 186
+2 128
+1 20
+5 2
-3 2
+3 2
+2 2
-12 1
+19 1

fl=(32) /build/glibc-9tT8Do/glibc-2.23/elf/dl-error.c
fn=(96) _dl_catch_error
163 6
+15 3
-3 6
+1 6
-13 6
+14 6
+1 3
+2 3
cfi=(2)
cfn=(98) _dl_initial_error_catch_tsd
calls=3 648 
* 6
+2 3
-1 3
+4 3
-3 6
+3 3
-4 3
+4 3
cfi=(33) /build/glibc-9tT8Do/glibc-2.23/setjmp/../sysdeps/x86_64/setjmp.S
cfn=(100) __sigsetjmp
calls=3 26 
* 60
* 9
+2 9
cfi=(40) /build/glibc-9tT8Do/glibc-2.23/elf/dl-deps.c
cfn=(134) openaux
calls=2 60 
* 5550
cfi=(2)
cfn=(102) map_doit
calls=1 480 
* 2372
+1 6
+2 3
+1 3
-3 3
+1 6
+1 3
+9 3
-8 3
+8 9

fn=(148) _dl_receive_error
205 10
+1 1
cfi=(2)
cfn=(98)
calls=1 648 
* 2
+5 1
-1 1
-4 1
+9 1
+2 1
-3 1
+3 1
cfi=(2)
cfn=(150) version_check_doit
calls=1 513 
* 2819
+2 1
+1 1
+1 8

fl=(28) /build/glibc-9tT8Do/glibc-2.23/string/../sysdeps/x86_64/multiarch/../strchr.S
fn=(76) index
24 7
+1 7
+1 7
+1 7
+1 7
+1 7
+1 7
+1 7
+1 7
+1 7
+1 7
+1 7
+1 7
+1 7
+1 7
+1 7
+1 7
+1 5
+4 5
+1 5
+1 5
+1 5
+2 5
+4 2
+1 2
+1 2
+1 2
+1 2
+1 2
+1 2
+1 2
+1 2
+1 2
+1 2
+1 2
+1 2
+1 2
+1 2
+1 2
+1 2
+1 2
+1 2
+1 2
+1 2
+1 2
+1 2
+1 2
+52 2
+4 2
+1 2
+1 2
+1 2
+2 2

fl=(10)
fn=(18)
31 7
+8 1
-6 2
+7 1

fl=(1) ???
fn=(0) 0x0000000000000cc0
0 2
cfi=(2)
cfn=(2) _dl_start
calls=1 337 
0 89039
0 14
cfi=(53) /build/glibc-9tT8Do/glibc-2.23/elf/dl-init.c
cfn=(210) _dl_init
calls=1 80 
0 1873
0 3
cob=(5)
cfi=(64)
cfn=(250)
calls=1 0 
0 3418550174

fl=(36) /build/glibc-9tT8Do/glibc-2.23/io/../sysdeps/unix/sysv/linux/wordsize-64/fxstat.c
fn=(120) _fxstat
34 3
-1 3
+1 3
+1 18
+4 3

fl=(109)
fn=(518)
130 8
+17 1
+3 15
+3 2
cfi=(2)
cfn=(50)
calls=1 688 
* 2
+2 1
+3 2
+2 6
+8 1
-3 1
+3 8
+7 8
+2 8
+2 4
+1 4
+5 4
-6 4
-6 4
+8 4
-8 9
+14 9
+1 2
+4 1
31 1
+2 1
192 1
33 1
+6 1
-1 1
+2 1
-2 2
+1 8
+1 1
cfi=(27) /build/glibc-9tT8Do/glibc-2.23/string/../sysdeps/x86_64/multiarch/../memset.S
cfn=(74) memset
calls=1 +13 
* 15
* 1
+77 15
+3 16
cfi=(27)
cfn=(74)
calls=2 -67 
* 37
* 6
-76 9
+1 9
+4 12
+6 6
+1 6
+2 15
+1 7
+2 9
+1 6
201 3
cfi=(2)
cfn=(52)
calls=1 694 
* 2
+5 3
81 4
208 1
+2 3
-2 3
+2 9
+3 8
+3 12
+4 4
+9 2
+3 2
-3 2
+3 4
+2 8
+1 4
cob=(4)
cfi=(54)
cfn=(532)
calls=1 0 
* 78
cob=(5)
cfi=(64)
cfn=(520)
calls=1 0 
* 16
-1 8
+5 4
+1 6
cob=(2)
cfi=(16)
cfn=(552)
calls=1 0 
* 3
cob=(2)
cfi=(16)
cfn=(530)
calls=1 0 
* 3
+6 24
+16 8
-56 11
+11 6
92 9
+21 3
-57 8
268 4
+2 1
-2 2
+6 2
+7 8

fl=(21)
fn=(62)
84 4
+1 1

fl=(30) /build/glibc-9tT8Do/glibc-2.23/elf/dl-debug.c
fn=(92) _dl_debug_state
74 2

fn=(88) _dl_debug_initialize
50 8
+5 6
+5 2
-1 1
+1 2
+1 2
-1 1
+4 1
-13 4
+4 8
+4 1
-1 1
-58 4

fl=(27)
fn=(74)
53 13
+1 13
+1 13
+1 13
+1 13
+2 13
+1 13
+1 11
+1 11
+15 2
+1 2
+1 2
+1 2
+1 2
+1 2
+1 2
+1 2
+1 2
+1 2
+1 2
+1 2
+1 2
+1 4
+3 2
+1 2
+1 2
+1 2
+1 2
+1 2
+1 2
-6 34
+1 34
+1 34
+1 34
+1 34
+1 34
+1 34
+1 2
+3 11
+1 11
+1 11
+1 4
+1 4
+1 2
+1 2
+3 2
+1 2
+1 2
+1 2
+2 2
+1 2
+1 2
+2 7
+1 7
+1 7

fl=(31) /build/glibc-9tT8Do/glibc-2.23/elf/dl-tls.c
fn=(198) _dl_add_to_slotinfo
890 3
+9 1
-9 1
+6 2
+8 5
+41 1
+1 3
+1 4

fn=(162) _dl_allocate_tls_storage
354 3
+2 1
+11 3
cfi=(17)
cfn=(44) __libc_memalign
calls=1 52 
* 76
* 1
+1 2
+7 2
+4 1
-57 1
+57 296
-58 2
+1 2
cfi=(17)
cfn=(36) calloc
calls=1 103 
* 38
* 1
+1 2
+3 1
+6 2
+64 5

fn=(146) _dl_next_tls_modid
49 1
+3 4
+48 1
+4 2

fn=(200) _dl_allocate_tls_init
450 2
-1 7
+5 1
+6 3
-6 1
+6 1
-4 1
+16 1
-15 3
+20 6
+6 16
+3 1
+1 2
+6 3
+3 1
-2 2
+2 4
+1 1
+3 1
-1 3
+4 2
+1 4
+2 2
+9 6
cfi=(25)
cfn=(70)
calls=1 61 
* 23
* 4
cfi=(27)
cfn=(74)
calls=1 53 
* 30
* 2
-38 3
+52 2
+2 1
+1 8

fn=(160) _dl_determine_tlsoffset
138 7
+6 3
+3 2
+36 3
+2 10
+3 1
-1 1
+5 2
-5 3
+3 3
+2 5
+16 3
+2 2
-2 2
+2 2
+10 1
-37 2
+25 1
-25 4
+40 4
+1 1
+51 1
+1 8

fn=(90) _dl_count_modids
115 2
+1 2

fl=(2)
fn=(158) init_tls
573 1
+6 1
-6 1
+2 2
+4 1
+10 4
cfi=(17)
cfn=(36)
calls=1 103 
* 38
* 1
+11 1
-5 1
-7 1
+6 1
+2 1
-1 1
+5 1
+2 1
-1 1
+1 10
+2 8
+4 1
+2 1
-2 2
-5 8
+9 3
+3 1
cfi=(31)
cfn=(160)
calls=1 138 
* 71
+7 1
cfi=(31)
cfn=(162)
calls=1 354 
* 439
+1 1
-1 1
+1 1
+6 1
+3 1
-3 1
+3 6
+3 1
+2 1
+1 2

fn=(102)
480 1
+2 1
-2 1
+3 8
cfi=(22) /build/glibc-9tT8Do/glibc-2.23/elf/dl-load.c
cfn=(104) _dl_map_object
calls=1 2167 
* 2358
* 1
+2 2

fn=(98)
648 8

fn=(52)
694 10

fn=(150)
513 2
+2 4
cfi=(43) /build/glibc-9tT8Do/glibc-2.23/elf/dl-version.c
cfn=(152) _dl_check_all_versions
calls=1 380 
* 2809
* 2
+4 2

fn=(26)
738 1
+19 1
-19 7
2353 1
738 3
+19 1
+3 1
-22 1
2348 1
760 1
+4 2
+1 2
+5 2
2346 2
+7 4
-4 1
+4 8
+2 2
cfi=(13)
cfn=(28)
calls=1 30 
* 72
* 4
cfi=(13)
cfn=(28)
calls=2 30 
* 347
* 9
+4 50
+1 19
-1 57
+3 4
+6 14
2514 3
+30 3
780 3
981 7
cfi=(15) /build/glibc-9tT8Do/glibc-2.23/elf/dl-object.c
cfn=(32) _dl_new_object
calls=1 61 
* 250
+2 1
-2 1
+2 1
+1 1
+1 1
+5 2
-5 1
+1 2
+4 1
cfi=(15)
cfn=(48) _dl_add_to_namespace_list
calls=1 32 
* 33
+1 3
747 1
1020 1
-3 1
-5 1
+1 1
+2 1
+5 7
+56 5
-55 24
-1 27
+1 47
1123 5
+3 2
+2 2
+2 3
+13 3
+1 6
cfi=(19)
cfn=(54)
calls=1 144 
* 44
* 2
+7 1
+3 1
-5 1
+3 1
+2 1
+1 2
+4 2
+2 2
fi=(3) /build/glibc-9tT8Do/glibc-2.23/elf/get-dynamic-info.h
30 1
+9 2
+6 1
-2 1
+2 2
+15 1
+5 1
+3 1
+2 1
-3 1
-3 1
-3 14
+10 3
-26 9
+16 19
+10 19
-26 57
+26 1
-26 3
+2 46
+13 16
+2 4
+16 3
+38 3
+5 2
+7 2
+1 3
+16 3
+14 3
+18 2
fe=(2)
1166 2
cfi=(6)
cfn=(10) _dl_setup_hash
calls=1 956 
* 23
+3 2
fi=(20) /build/glibc-9tT8Do/glibc-2.23/elf/setup-vdso.h
24 2
fe=(2)
1191 1
cfi=(9)
cfn=(60)
calls=1 45 
* 85
* 8
-75 2
+1 2
+1 1
-6 2
+1 1
-88 3
+1 1
+50 2
-1 8
+2 4
+1 1
+3 2
+1 2
-1 2
+1 2
+1 2
+1 6
+1 2
-43 1
-2 2
+27 1
-25 2
+7 1
-10 1
+10 1
-19 3
+1 1
fi=(3)
65 4
+3 4
+2 4
fe=(2)
2442 4
cfi=(14)
cfn=(30)
calls=1 24 
* 31
* 2
+2 3
-55 4
cfi=(14)
cfn=(30)
calls=1 24 
* 18
* 2
+7 4
cfi=(14)
cfn=(30)
calls=1 24 
* 36
* 2
+2 3
1185 3
+11 2
cfi=(22)
cfn=(64) _dl_init_paths
calls=1 661 
* 1629
+3 3
cfi=(30)
cfn=(88)
calls=1 50 
* 17
+7 1
-7 1
+2 1
+5 1
+3 3
+1 1
+3 1
-3 3
+1 2
+3 1
+5 1
-7 1
+7 1
+1 5
+17 2
+1 2
+5 1
-3 4
+2 2
+1 3
+5 3
+1 5
+2 2
+1 2
+5 2
+5 1
753 1
1262 2
1439 1
cfi=(31)
cfn=(90)
calls=1 115 
* 4
* 1
+8 3
+3 1
+4 3
+5 1
+1 1
cfi=(30)
cfn=(92)
calls=1 74 
* 1
+1 1
+4 3
+15 3
+4 1
-2 1
+2 2
+31 3
cfi=(24)
cfn=(68)
calls=1 84 
* 9
* 2
+77 1
1481 1
1592 3
+17 3
+1 1
-1 1
+1 2
-1 1
+1 5
cfi=(40)
cfn=(132) _dl_map_object_deps
calls=1 161 
* 7070
+1 1
+2 2
+3 1
-3 3
+3 1
-3 1
+3 3
+1 4
-1 2
+1 12
-1 6
+4 3
+1 3
+1 1
+2 2
+1 6
-1 5
+1 5
-1 3
-28 5
+1 1
-1 3
+4 3
+1 1
+1 2
+1 3
+34 1
+1 2
-1 1
+1 1
+2 1
+2 3
+2 1
-4 1
+5 1
-1 2
+14 2
+1 2
+1 3
+11 1
+2 1
-2 1
+2 2
-1 1
+1 1
-2 3
+2 1
cfi=(32)
cfn=(148)
calls=1 205 
* 2849
+10 1
+1 1
-1 1
+1 1
+1 1
cfn=(158)
calls=1 573 
* 619
* 1
+2 2
703 1
+2 3
fi=(114) /build/glibc-9tT8Do/glibc-2.23/elf/../sysdeps/unix/sysv/linux/dl-osinfo.h
77 1
fe=(2)
714 1
+7 1
-5 1
1692 3
1922 3
2092 4
+2 1
+5 3
cfi=(31)
cfn=(200)
calls=1 450 
* 147
+3 2
+9 3
+2 2
+15 1
+2 1
-2 2
+3 1
-3 1
+3 1
-3 1
+3 3
cfi=(44)
cfn=(164)
calls=1 149 
* 3984
+1 1
+2 6
+8 1
cfi=(7)
cfn=(202)
calls=1 256 
* 1
+4 3
+20 3
cfi=(30)
cfn=(88)
calls=1 50 
* 8
+1 1
-1 1
+2 1
cfi=(30)
cfn=(92)
calls=1 74 
* 1
+1 1
+4 1
cfi=(42) /build/glibc-9tT8Do/glibc-2.23/elf/dl-cache.c
cfn=(204) _dl_unload_cache
calls=1 322 
* 15
+5 8
2043 3
+7 1
+2 3
+19 1
-19 4
+2 1
+2 12
+5 8
+2 8
+6 4
+2 8
+1 24
cfi=(44)
cfn=(164)
calls=3 149 
* 65869
+4 14
-22 10
+25 1
+2 5
+6 1
-6 1
+6 1
-10 2
cfi=(31)
cfn=(198)
calls=1 890 
* 20
* 1
-12 1
+1 1
-3 2
-85 1
+11 1
-7 1
-4 1
+4 3
+4 2
+3 1
1491 2
cfi=(11)
cfn=(22)
calls=1 66 
* 34
* 8
cfi=(18)
cfn=(46)
calls=1 61 
* 89
* 1
+3 6
+3 3
cfi=(17)
cfn=(80) strsep
calls=1 354 
* 766
* 3
cfi=(17)
cfn=(80)
calls=1 354 
* 6
* 6
+1 2
+1 3
+2 4
cfn=(94) do_preload
calls=1 654 
* 2462
* 2
1635 2
1503 1
+2 6

fn=(2)
337 9
+18 4
fi=(5)
59 1
fe=(2)
355 1
fi=(3)
45 1
fi=(5)
+14 2
fe=(2)
381 1
fi=(3)
45 1
fe=(2)
378 1
fi=(3)
45 1
+25 2
-3 1
-7 1
+5 1
+3 1
+2 1
-3 1
-3 1
-3 2
-13 26
+23 13
-26 39
+26 1
-26 3
+2 36
+13 20
+1 16
+10 4
-26 12
+33 2
+20 4
+1 4
+1 4
+1 4
+2 4
+5 4
+1 4
+1 4
+6 3
+5 2
+7 3
+1 3
+8 3
+2 3
+3 2
+1 2
fe=(2)
392 2
286 1
399 1
286 1
cfi=(6)
cfn=(10)
calls=1 956 
* 23
+1 2
+1 2
+1 2
+1 2
+8 1
+9 1
-9 3
+9 1
-6 1
-3 1
+9 1
cfi=(7)
cfn=(12)
calls=1 86 
* 88391
* 1
+9 1
+3 4
+4 1
-4 1
+4 1
424 9
fi=(3)
62 4
+3 4
fe=(2)
397 26
fi=(4)
84 1
+27 1
-28 1
+28 2
+1 2
fi=(5)
517 2
fi=(4)
112 18
fi=(5)
517 18
+1 20
fi=(4)
111 20
fi=(5)
518 10
fi=(4)
111 10
+5 2
+8 1
fi=(5)
312 1
fi=(4)
124 2
+12 1
+1 3
fi=(5)
266 1
fi=(4)
137 1
fi=(5)
294 1
fi=(4)
137 2
fi=(5)
294 1
fi=(4)
136 5
+1 15
fi=(5)
266 5
fi=(4)
137 5
fi=(5)
294 5
fi=(4)
137 10
fi=(5)
294 5
+9 12
+3 6
-3 12
+3 18
+6 36
fi=(3)
68 4
+2 3
fi=(5)
425 12
fi=(4)
124 19
fe=(2)

fn=(50)
688 10

fn=(94)
654 4
+12 1
-12 2
+10 1
-4 1
+1 1
+5 4
-10 1
+6 1
+4 1
cfi=(32)
cfn=(96)
calls=1 163 
* 2434
+1 3
+10 3
+4 5

fl=(42)
fn=(140) _dl_load_cache_lookup
185 9
+8 2
+3 3
+51 2
+9 1
+6 2
-6 4
+6 1
cfi=(24)
cfn=(68)
calls=1 84 
* 9
+19 1
-19 1
+19 112
cfn=(144) _dl_cache_libcmp
calls=7 138 
* 514
* 32
-15 4
+15 37
cfn=(144)
calls=2 138 
* 215
* 5
cfn=(144)
calls=1 138 
* 144
* 11
-82 4
cfi=(34) /build/glibc-9tT8Do/glibc-2.23/elf/dl-misc.c
cfn=(142) _dl_sysdep_read_whole_file
calls=1 45 
* 94
+8 1
-8 1
+8 4
+1 4
cfi=(14)
cfn=(30)
calls=1 24 
* 38
* 2
+7 1
-3 1
+3 3
+3 1
+1 2
-1 1
+1 1
+1 4
cfi=(14)
cfn=(30)
calls=1 24 
* 32
* 2
+61 21
+16 2
+4 2
+8 3
cfi=(11)
cfn=(22)
calls=1 66 
* 34
* 2
+1 1
-1 4
+1 2
cfi=(18)
cfn=(46)
calls=1 61 
* 66
+1 2
cfi=(29) /build/glibc-9tT8Do/glibc-2.23/string/strdup.c
cfn=(82) strdup
calls=1 40 
* 109
+1 8
-31 9

fn=(144)
138 30
+1 26
+2 116
+2 58
-2 58
+2 6
+6 3
+2 3
-1 3
-1 3
+1 3
+1 12
+2 15
+2 6
+6 110
+2 206
+4 48
+1 48
-29 96
+32 9
-7 14

fn=(204)
322 4
-1 1
+3 2
cfi=(38)
cfn=(206) munmap
calls=1 84 
* 5
+1 1
+2 2

fl=(38)
fn=(206)
84 4
+1 1

fn=(124)
84 24
+1 6

fl=(11)
fn=(22)
66 14
+1 14
+1 14
+1 14
+1 14
+1 14
+1 14
+2 14
+2 14
+30 13
+1 13
+1 13
+1 13
+1 13
+1 6
+1 6
+4 7
+1 7
+1 7
+1 7
+1 7
+1 7
+1 7
+1 7
+1 7
+1 7
+1 7
+1 7
+5 56
+4 1
+1 14
+1 8

fl=(65)
fn=(258)
64 1
+3 1
+2 1
+2 1
+3 1
+1 1
+1 1
+1 1
+1 1
+1 1
+1 1
+1 1
+1 1
+1 1
+1 1
+1 1
+1 1
+1 1
+1 1
+5 1
+1 1
+1 1
+1 1
+14 1
+1 1
+1 1
cfi=(66) /build/glibc-9tT8Do/glibc-2.23/elf/../elf/dl-runtime.c
cfn=(260) _dl_fixup
calls=1 -46 
* 901
+1 1
+5 1
+1 1
+1 1
+1 1
+13 1
+1 1
+1 1
+1 1
+1 1
+1 1
+1 1
+1 1
+1 1
+1 1
+1 1
+1 1
+1 1
+1 1
+1 1
+2 1
+2 1
+4 1
+3 1
cob=(3)
cfi=(67)
cfn=(264)
calls=1 -25 
* 3418549207

fn=(259)
64 12
+3 12
+2 12
+2 12
+3 12
+1 12
+1 12
+1 12
+1 12
+1 12
+1 12
+1 12
+1 12
+1 12
+1 12
+1 12
+1 12
+1 12
+1 12
+5 12
+1 12
+1 12
+1 12
+14 12
+1 12
+1 12
cfi=(66)
cfn=(260)
calls=12 -46 
* 10013
+1 12
+5 12
+1 12
+1 12
+1 12
+13 12
+1 12
+1 12
+1 12
+1 12
+1 12
+1 12
+1 12
+1 12
+1 12
+1 12
+1 12
+1 12
+1 12
+1 12
+2 12
+2 12
+4 12
+3 12
cob=(3)
cfi=(106)
cfn=(508)
calls=1 24 
* 21
cob=(3)
cfi=(104)
cfn=(494)
calls=1 38 
* 3
cob=(3)
cfi=(103)
cfn=(486)
calls=1 -93 
* 16
cob=(3)
cfi=(102)
cfn=(478)
calls=1 -93 
* 148
cob=(3)
cfi=(101)
cfn=(450)
calls=1 39 
* 533
cob=(3)
cfi=(100)
cfn=(438)
calls=1 31 
* 185
cob=(3)
cfi=(99)
cfn=(430)
calls=1 34 
* 88
cob=(3)
cfi=(93)
cfn=(400)
calls=1 32 
* 465
cob=(3)
cfi=(89)
cfn=(370)
calls=1 -62 
* 502
cob=(3)
cfi=(79)
cfn=(338)
calls=1 27 
* 615
cfi=(76) /build/glibc-9tT8Do/glibc-2.23/elf/dl-open.c
cfn=(314) _dl_find_dso_for_object
calls=1 +23 
* 32
cob=(3)
cfi=(72)
cfn=(298)
calls=1 3170 
* 73447

fl=(34)
fn=(142)
45 2
+7 1
-7 3
+7 1
-7 3
+7 1
cfi=(24)
cfn=(110)
calls=1 +32 
* 5
+1 2
+2 5
cfi=(36)
cfn=(120)
calls=1 -21 
* 10
* 2
+2 1
+3 1
-3 1
+3 1
+13 2
cfi=(24)
cfn=(130)
calls=1 +11 
* 5
+3 7
-14 6
cfi=(26)
cfn=(72)
calls=1 -29 
* 33
* 2

fn=(106) _dl_name_match_p
288 265
+1 106
cfi=(19)
cfn=(54)
calls=53 144 
* 1884
* 53
+1 53
-1 53
+3 53
+2 106
+4 54
-4 108
+1 171
cfi=(19)
cfn=(54)
calls=57 144 
* 2104
* 114
-5 3
+11 65
-1 50
+1 200

fl=(43)
fn=(156) match_symbol
76 55
+9 5
-8 5
-1 10
+1 5
+8 5
+6 15
+15 5
+1 10
+2 5
+5 10
+14 44
+12 51
+4 17
-30 34
+19 25
cfi=(19)
cfn=(54)
calls=5 +11 
* 120
* 10
+35 40

fn=(154) _dl_check_map_versions
189 12
-15 36
+17 4
+3 12
-3 4
+2 4
+1 4
+2 4
-3 4
+3 4
+3 4
+4 2
-4 2
+4 8
+17 2
56 4
220 2
56 10
+1 5
-1 10
+2 21
cfi=(34)
cfn=(106)
calls=7 288 
* 757
* 16
228 6
+5 16
+19 3
-15 82
cfn=(156)
calls=3 76 
* 289
* 8
cfn=(156)
calls=2 76 
* 182
* 5
+7 30
+3 15
+9 12
+14 4
+3 8
+10 28
-7 112
+3 84
-3 8
+3 6
+8 9
+87 8
-81 12
cfi=(17)
cfn=(36)
calls=3 103 
* 165
* 3
+1 3
-2 3
+2 3
+11 3
+2 3
-5 3
+3 3
+2 3
-2 3
+2 3
+3 8
+4 6
+18 3
-15 9
+2 9
-2 6
+2 6
+2 5
+1 5
-1 10
+1 5
-1 5
+1 5
+1 5
-2 5
+2 10
+1 15
+3 15
+8 6
+10 9
+3 8
+20 28
-14 60
-2 28
+7 56
+1 28
-1 84
+1 28
-1 28
+1 28
+1 28
+3 90
+10 27
183 2
-8 2
+95 4
-80 2

fn=(152)
380 5
+4 7
+2 28
cfn=(154)
calls=4 189 
* 2734
-2 4
+2 12
-1 4
-1 8
+5 7

fl=(53)
fn=(210)
80 11
+1 1
+1 1
+3 3
+8 2
+1 2
+25 15
+1 12
-90 20
cfn=(212) call_init.part.0
calls=3 -2 
* 1713
* 3
+96 8
-96 2
+58 2
+16 1
cfn=(212)
calls=1 -76 
* 76
* 1

fn=(212)
28 20
+8 4
+3 4
-3 8
+3 12
+5 21
+5 4
+9 12
cob=(3)
cfi=(55)
cfn=(226)
calls=1 -6 
* 176
cob=(2)
cfi=(16)
cfn=(214)
calls=1 -58 
* 6
* 2
+4 4
+6 2
+2 4
-2 4
+3 10
+1 8
cob=(3)
cfi=(61)
cfn=(238)
calls=1 482 
* 1424
cob=(4)
cfi=(54)
cfn=(218)
calls=1 -72 
* 17
* 4
cob=(3)
cfi=(63)
cfn=(246)
calls=1 -39 
* 4
* 3
-1 6
+3 24
-29 3
-5 3

fl=(40)
fn=(132)
161 1
-1 1
+1 1
-1 4
+1 1
-1 2
+1 1
-1 2
+1 1
-1 2
+1 3
-15 1
+15 1
-17 1
+1 1
+1 1
+6 4
+26 1
-26 1
+26 7
-34 1
+2 1
+33 2
-33 1
-2 1
+2 2
-2 1
+1 1
+1 1
+6 3
+26 1
-26 1
+26 5
+4 1
+21 1
+1 1
-22 2
+19 1
-12 1
+15 1
-16 2
+13 1
317 9
217 1
-4 1
-4 1
+8 4
-4 3
-4 3
+8 3
+12 8
+2 2
+11 2
-5 2
-6 4
+5 2
+2 4
+1 4
+3 14
+50 6
+1 3
-51 192
+1 96
+6 10
cfi=(28)
cfn=(76)
calls=2 24 
* 70
* 4
+5 10
-3 2
+3 2
cfi=(32)
cfn=(96)
calls=2 -91 
* 5674
+2 6
+15 2
+2 4
+5 2
+6 2
+2 2
-8 4
+3 2
+1 2
+1 2
+1 2
+4 12
+7 138
459 12
+2 6
+2 6
cfi=(17)
cfn=(40)
calls=2 94 
* 58
* 2
+2 2
-2 2
+2 2
+4 8
-1 2
+1 2
cfi=(18)
cfn=(46)
calls=2 61 
* 41
+1 10
cfi=(18)
cfn=(46)
calls=2 61 
* 41
+4 2
-1 2
+5 22
+7 6
+1 1
+3 5
+10 4
cfi=(17)
cfn=(40)
calls=1 94 
* 29
* 1
+3 1
-3 1
+3 1
+5 6
+1 1
-1 3
+1 2
+8 2
+4 3
-4 1
-6 3
-2 3
+8 6
+4 9
-4 3
-6 9
+13 3
+51 3
+2 3
+42 1
-4 1
+5 2
-1 4
+1 2
cfi=(27)
cfn=(74)
calls=1 53 
* 15
* 1
-2 9
+7 1
-1 1
+1 1
-1 2
+7 1
-7 1
+7 2
-13 2
+7 2
-1 2
+1 2
-1 4
+7 2
-7 2
+7 6
+2 8
+1 4
-1 4
+1 3
+2 9
+1 6
+28 18
cfi=(27)
cfn=(74)
calls=2 53 
* 37
* 10
-6 3
-28 6
+31 10
-6 2
+16 2
+2 1
+1 1
-1 1
+2 3
+7 3
+3 3
+3 8
481 9
-1 4
+1 9
202 2
+27 8
-19 4
+8 25
+2 2
+2 8
+2 30
338 6
611 8
cfi=(18)
cfn=(46)
calls=1 61 
* 28
+2 1
-38 1
+38 1
209 2

fn=(134)
60 4
+7 2
-4 22
cfi=(22)
cfn=(104)
calls=2 2167 
* 5516
* 2
+5 4

fl=(15)
fn=(32)
61 42
+1 3
cfi=(11)
cfn=(22)
calls=3 +4 
* 66
+6 3
-6 6
+6 6
+7 12
cfi=(17)
cfn=(36)
calls=3 +28 
* 120
* 3
+3 3
-3 3
+3 3
+4 3
+5 6
-6 3
+6 3
-5 3
+3 6
+2 3
cfi=(18)
cfn=(46)
calls=3 -26 
* 88
+10 3
-10 3
+10 3
-8 3
+9 6
-1 9
+1 9
+3 3
-4 3
+1 3
+3 3
+9 3
-7 3
+4 3
+3 9
+2 2
-2 2
+2 30
-2 30
+12 3
+6 3
-5 3
-1 3
+6 15
+2 2
+3 2
-3 2
+3 2
-3 4
+7 6
+4 4
+2 5
+6 1
+6 1
-3 2
+3 4
-3 4
+3 4
+2 6
cfi=(11)
cfn=(22)
calls=2 -91 
* 68
+4 2
-4 8
+4 6
+64 4
+4 24
68 30
+34 8
+39 8
+70 6
cfi=(25)
cfn=(70)
calls=2 61 
* 71
* 42
+6 40
-1 40
+1 42
-1 2
+1 6
+5 4
-89 2
+32 4
cfi=(17)
cfn=(40)
calls=2 -71 
* 58
* 2
+1 2
-1 2
+1 6
+2 1
-35 2

fn=(48)
32 15
+2 6
cfi=(2)
cfn=(50)
calls=3 688 
* 6
+2 3
-2 3
+2 19
+3 15
+2 2
+2 2
+4 2
+4 2
-4 4
+1 2
+4 4
-4 2
+1 2
+3 2
-3 2
+2 2
cfi=(2)
cfn=(52)
calls=2 694 
* 4
-4 1
+4 1
-4 2
+1 1
+4 2
-4 1
+1 1
+3 1
-3 1
+2 1
cfi=(2)
cfn=(52)
calls=1 694 
* 2
-5 2

fl=(22)
fn=(136) open_path
2018 8
+1 1
+6 1
-6 1
+6 1
+5 9
+52 1
-59 1
-1 1
+60 1
-52 8
+74 4
-62 1
-9 1
+9 1
+7 4
cfi=(25)
cfn=(70)
calls=1 61 
* 31
+1 1
-1 1
+1 5
+20 8
-20 15
+3 8
+5 8
-1 4
+1 8
-1 12
cfi=(25)
cfn=(70)
calls=4 61 
* 85
* 16
cfi=(25)
cfn=(70)
calls=4 61 
* 92
-1 4
+7 4
-7 4
+7 4
+3 36
cfn=(108) open_verify.constprop.7
calls=4 1695 
* 176
* 4
+2 20
+67 7
+7 1
-2 1
+2 3
+3 3
+14 1
-27 1
+27 7
-84 8
+1 36
+6 4
+2 4
-2 4
+2 8
-2 4
+2 4
cfi=(41)
cfn=(138)
calls=4 34 
* 49
* 8
+1 1
+2 1
-2 1
+2 7
+7 3
-7 3
+7 9
-30 3
+23 6

fn=(78) fillin_rpath
433 8
+2 1
-2 9
+5 1
cfi=(17)
cfn=(80)
calls=1 -84 
* 238
* 4
-66 3
cfi=(28)
cfn=(76)
calls=1 24 
* 23
* 2
+4 2
cfi=(29)
cfn=(82)
calls=1 40 
* 94
* 1
+68 2
cfi=(11)
cfn=(22)
calls=1 66 
* 16
+4 1
-4 1
+4 1
+22 15
+1 8
+55 2
+2 2
cob=(2)
cfi=(16)
cfn=(84)
calls=1 0 
* 7
* 2
-90 1
cfi=(17)
cfn=(80)
calls=1 -84 
* 6
* 3
+94 1
+3 9
-46 2
+4 2
-1 4
cfi=(17)
cfn=(40)
calls=1 94 
* 29
* 1
+3 1
-3 1
+3 2
+5 1
+1 2
-2 1
+2 1
cfi=(25)
cfn=(70)
calls=1 61 
* 31
+3 1
-3 1
+1 1
+2 1
+6 2
+1 1
-1 2
+1 13
+1 11
-1 2
+3 2
+1 3
+7 1
+1 1
-1 2
-67 6
+8 1
-3 3
+3 2
+26 2
-34 2
+65 2
-9 2

fn=(108)
1695 66
+39 6
-39 18
+39 22
+31 24
cfi=(24)
cfn=(110)
calls=6 84 
* 46
+2 6
-2 6
+2 8
+10 2
+1 4
+5 16
cfi=(24)
cfn=(112)
calls=2 84 
* 10
+2 4
+2 2
+2 2
-2 4
+2 2
+6 4
+16 8
cfi=(14)
cfn=(30)
calls=2 24 
* 57
* 18
cfi=(14)
cfn=(30)
calls=2 24 
* 72
* 4
+74 4
+5 4
+2 8
+6 4
+11 4
+6 2
+1 2
-1 8
+1 2
-1 2
+1 4
+1 6
+20 106
+2 36
+4 8
+1 6
+12 14
+4 6
+5 1
+1 1
-13 4
cfi=(14)
cfn=(30)
calls=1 24 
* 25
* 8
cfi=(14)
cfn=(30)
calls=2 24 
* 60
* 6
+16 2
+3 7
+3 3
+1 5
-39 2
+67 20
-23 4
+23 28
1804 2
+7 4
cfi=(14)
cfn=(30)
calls=1 24 
* 24
* 2

fn=(114) _dl_map_object_from_fd
871 22
+10 2
-10 2
+10 2
-10 6
+10 2
cfi=(30)
cfn=(88)
calls=2 50 
* 16
fi=(35) /build/glibc-9tT8Do/glibc-2.23/elf/../sysdeps/posix/dl-fileid.h
37 6
fe=(22)
881 2
fi=(35)
37 2
cfi=(36)
cfn=(120)
calls=2 -3 
* 20
* 4
+4 2
fe=(22)
897 2
fi=(35)
40 2
+1 2
fe=(22)
897 29
+1 10
fi=(35)
49 12
fe=(22)
1443 16
915 4
+24 4
+10 4
+22 8
+32 4
882 2
1006 14
cfi=(15)
cfn=(32)
calls=2 61 
* 831
+1 2
-1 2
+1 2
+11 4
+1 2
-1 2
+2 2
-1 2
+4 2
-1 4
-2 2
+2 4
+1 6
+1 2
+19 2
-2 2
+10 2
-8 12
+8 2
-8 6
+8 2
+87 2
+8 2
-8 8
+8 2
-8 6
-86 32
-1 136
+1 95
+6 4
+1 6
+1 2
+9 20
+5 32
+9 12
-1 12
+1 4
+1 8
+2 4
-2 4
+1 4
-1 4
+3 4
+4 4
-7 4
+2 4
+1 4
+4 4
+1 12
+4 6
-14 2
+14 12
+11 2
-11 6
-14 2
+14 12
+11 2
-44 2
+1 1
+46 3
+4 1
+1 1
+1 1
-1 2
+1 1
+3 3
+1 1
+3 1
-3 1
+7 4
+6 1
cfi=(31)
cfn=(146)
calls=1 49 
* 8
* 2
+1 1
+59 4
+1 6
+1 2
-6 4
+1 2
+8 6
1019 2
1207 2
1019 2
1207 2
+10 6
fi=(37) /build/glibc-9tT8Do/glibc-2.23/elf/./dl-map-segments.h
56 4
fe=(22)
1217 6
fi=(37)
56 2
fe=(22)
1217 2
fi=(37)
56 2
fe=(22)
1217 4
fi=(37)
56 12
cfi=(26)
cfn=(72)
calls=2 -23 
* 70
+4 2
-4 2
+4 4
+3 4
+1 2
+2 2
-2 2
-1 2
+3 2
+10 4
fi=(39) /build/glibc-9tT8Do/glibc-2.23/elf/./dl-load.h
+14 8
+1 6
+2 8
fi=(37)
+7 16
+6 2
+2 2
-2 2
+1 2
+2 2
-1 2
+1 2
-1 6
+8 4
+17 4
+12 4
-59 20
+2 4
+2 2
-2 4
+2 20
cfi=(26)
cfn=(72)
calls=2 -57 
* 62
* 6
fe=(22)
1229 8
+9 4
fi=(3)
39 2
fe=(22)
1238 2
fi=(3)
39 2
+6 2
-2 2
+2 4
+15 2
+5 2
+3 2
-1 2
-3 2
-3 36
+10 8
-26 24
+16 35
+10 35
-26 105
+26 2
-26 6
+2 90
+13 40
+2 8
+3 8
+13 4
+20 7
+1 8
+1 8
+1 8
+2 8
+5 8
+1 7
+1 8
+6 6
+5 4
+7 4
+1 6
+16 6
+5 1
+2 1
-2 1
+2 1
+2 2
+2 2
+3 6
+10 1
-8 4
+8 1
+5 2
+3 4
fe=(22)
1245 4
+15 6
+19 4
+2 10
+54 6
+1 2
+3 2
cfi=(24)
cfn=(130)
calls=1 84 
* 5
* 2
cfi=(24)
cfn=(130)
calls=1 84 
* 5
* 4
+9 4
+2 6
+2 2
-2 2
+2 2
+16 4
cfi=(6)
cfn=(10)
calls=2 956 
* 46
+4 4
+1 4
+17 4
+9 2
-5 6
+5 2
+10 4
+10 6
cfi=(15)
cfn=(48)
calls=2 32 
* 82
+4 8
fi=(3)
68 8
+2 10
fe=(22)
1391 2
fi=(37)
119 4
+8 16
cfi=(27)
cfn=(74)
calls=2 -74 
* 283
* 8
-54 8
-1 12
cfi=(38)
cfn=(124)
calls=2 +12 
* 10
* 2
fi=(39)
+22 5
+1 11
+3 4
fi=(37)
+39 9
cfi=(26)
cfn=(72)
calls=1 33 
* 31
+3 3
fe=(22)
1233 2

fn=(104)
2167 21
+8 3
-8 6
+8 3
+1 12
+3 42
+5 49
+2 21
cfi=(34)
cfn=(106)
calls=7 288 
* 944
* 14
+4 12
+1 18
+3 2
+2 8
cfi=(19)
cfn=(54)
calls=2 144 
* 48
* 4
2478 24
2213 10
+9 2
-53 2
+53 4
+36 4
-2 2
+2 2
cfi=(28)
cfn=(76)
calls=2 24 
* 46
* 4
2409 2
372 3
cfi=(28)
cfn=(76)
calls=1 24 
* 47
* 2
+4 2
cfi=(29)
cfn=(82)
calls=1 40 
* 128
2410 1
-3 1
+3 2
+4 9
cfn=(108)
calls=1 1695 
* 299
+3 1
-3 1
+3 3
+12 3
+46 1
+1 3
-1 1
+1 9
cfn=(114)
calls=1 871 
* 1444
-1 1
+1 3
-1 1
+1 9
cfn=(114)
calls=1 871 
* 1738
* 6
2262 2
cfi=(11)
cfn=(22)
calls=1 66 
* 16
* 1
+2 1
-2 1
+2 1
+7 4
+35 2
+1 14
cfn=(136)
calls=1 2018 
* 777
+6 2
-6 1
+6 3
638 1
2314 1
638 2
2401 2
+28 3
+2 4
2275 1
+5 1
-5 1
+5 1
+3 2
-3 1
+3 7
-3 3
638 1
2281 1
638 2
2336 1
-14 1
+14 1
+2 3
+4 2
cfi=(42)
cfn=(140)
calls=1 185 
* 1570
+2 1
-2 1
+2 1
+4 2
+8 3
+23 10
cfn=(108)
calls=1 1695 
* 370
+4 1
-4 1
+4 3
+1 2
-89 3
+1 8
638 1
2297 1
638 2

fn=(64)
661 1
+13 2
-13 8
+13 3
cfi=(23)
cfn=(66)
calls=1 39 
* 398
+5 1
-5 1
+5 1
cfi=(17)
cfn=(40)
calls=1 94 
* 29
* 1
+1 1
-2 1
+2 2
+8 1
-1 1
+1 2
-1 1
+1 1
-1 3
+5 1
-5 1
+5 1
cfi=(17)
cfn=(40)
calls=1 94 
* 80
* 1
+2 1
-3 1
+3 1
+17 1
+12 1
-9 2
+6 1
-19 1
+10 1
+12 1
-11 1
+2 1
+1 4
-15 1
+23 4
-3 21
cfi=(27)
cfn=(74)
calls=4 53 
* 60
* 4
+3 27
-14 3
+2 3
+1 3
+2 6
-3 3
+4 9
+4 3
-3 3
+3 3
+1 3
-4 9
+4 3
+10 1
+4 1
-11 1
+6 1
+6 1
-12 1
+12 1
+2 4
+2 3
+38 5
+8 3
cfi=(28)
cfn=(76)
calls=1 24 
* 23
* 2
+2 2
cfi=(11)
cfn=(22)
calls=1 66 
* 16
* 8
cfi=(18)
cfn=(46)
calls=1 61 
* 31
* 1
+4 6
+17 1
-4 4
-13 52
+17 13
-4 53
+8 1
cfi=(17)
cfn=(40)
calls=1 94 
* 29
* 1
+1 1
-2 1
+2 1
+6 9
cfn=(78)
calls=1 433 
* 605
+4 5
+6 1
+4 8
-75 1
-2 1
+2 2
+14 2

fl=(33)
fn=(100)
26 3
+9 3
+1 6
+1 3
+4 3
+1 3
+1 3
+1 3
+1 3
+2 6
+2 3
+1 3
+1 3
+2 6
+2 3
+4 3
+1 3

fl=(17)
fn=(36)
103 8
+8 24
-4 8
+4 16
+3 8
cfn=(40)
calls=8 -20 
* 289
* 8

fn=(40)
94 21
+1 42
cfn=(44)
calls=21 -43 
* 633
* 21

fn=(80)
354 8
+2 4
+1 8
+4 132
+7 366
-2 244
+13 2
+4 4
-7 61
-15 187

fn=(44)
52 66
+1 87
+11 63
+3 21
-3 21
+3 42
-3 3
+3 1
-3 1
+3 78
+4 12
+1 6
+6 24
cfi=(26)
cfn=(72)
calls=3 -45 
* 99
+2 15
+4 9
+3 3
+1 3
+2 15
-3 19
+1 19
+2 95
-31 2
-1 5

fn=(86)
120 1
+2 3
+7 2

fl=(29)
fn=(82)
40 12
+1 3
cfi=(11)
cfn=(22)
calls=3 +25 
* 84
* 3
+1 6
cfi=(17)
cfn=(40)
calls=3 +52 
* 87
* 3
+2 6
+4 3
-1 6
+1 6
-1 6
cfi=(18)
cfn=(46)
calls=3 +14 
* 106

fl=(66)
fn=(260)
66 26
+5 26
-5 13
+3 26
+3 13
-1 26
-3 13
+5 78
+1 13
-1 13
+1 26
+5 26
+4 26
+4 39
+4 13
+1 65
+2 52
+7 26
-1 13
+1 13
+10 117
cfi=(6)
cfn=(170)
calls=13 806 
* 9932
* 13
+4 65
+10 78
+16 13
-8 13
+8 39
+4 39
fi=(5)
+90 13
fe=(66)
-86 39
fi=(105) /build/glibc-9tT8Do/glibc-2.23/elf/../sysdeps/x86_64/dl-irel.h
32 1
cob=(3)
cfi=(45)
cfn=(506)
calls=1 +55 
* 5
* 1
fe=(66)

fl=(6)
fn=(174) check_match
92 696
+3 609
+12 522
+3 440
cfi=(19)
cfn=(54)
calls=23 +34 
* 947
* 46
+5 87
-1 87
+1 87
+2 172
+19 172
+1 688
+46 87
-7 87
+7 435
-18 2
+2 1
+1 4
-1 5
-29 258
cfi=(19)
cfn=(54)
calls=86 +6 
* 2064
* 258

fn=(172) do_lookup_x
355 651
+1 93
-1 465
+48 93
-30 93
-11 93
+41 93
+7 186
-7 186
-30 372
+37 372
-44 186
+3 186
-3 396
+3 396
+4 582
+4 582
+4 582
+6 873
+8 291
-4 291
+1 291
+3 582
+1 873
+3 291
+1 582
+2 582
+8 291
-8 291
+8 2910
-99 204
553 1476
+1 78
cfi=(34)
cfn=(106)
calls=39 288 
* 3741
* 117
+3 612
+3 6
+1 744
-92 174
+50 644
+4 39
+12 174
+1 87
+1 174
413 546
+2 182
+2 1183
+13 273
-10 890
+2 174
+1 435
-1 87
+1 609
-1 87
+1 261
cfn=(174)
calls=87 92 
* 7754
+4 261
+34 8
+94 28
439 783

fn=(10)
956 12
+4 4
+4 8
+2 4
-1 4
+3 12
+1 4
+1 4
+3 4
-3 4
+7 4
-4 4
-1 4
+3 4
+2 4
-7 4
+7 4
+1 4

fn=(170)
806 1023
568 93
806 372
568 465
+1 93
-1 93
+1 279
-1 279
+1 1132
-1 1132
+1 3396
-1 3582
808 93
+4 93
+4 93
-8 93
+1 186
+7 265
+7 93
-2 93
+2 93
-2 93
+6 93
-7 93
+7 186
-7 558
+15 6
-8 30
+2 1302
cfn=(172)
calls=93 355 
* 35586
+3 279
+26 186
+22 87
+1 609
+31 87
+9 435
+14 261
+3 348
+5 87
+2 744
-85 42
+16 6
+1 12
+59 2

fl=(25)
fn=(70)
61 17
+4 17
+3 16
+1 16
+2 7
+1 7
+2 7
+1 7
+5 7
+1 7
-1 9
+1 9
+2 10
+1 10
+2 10
+1 10
+5 10
+1 10
-1 6
+1 6
+2 5
+1 5
+2 5
+1 5
+5 5
+1 5
-1 11
+1 11
+2 7
+1 7
+2 7
+1 14
+5 7
+1 7
-1 9
+1 11
+5 2
+1 2
+1 2
+1 2
+2 2
+2 2
+1 2
+2 2
+6 16
+4 16
+12 2
+2 2
+1 2
+26 2
+1 2
+3 2
+1 2
+1 2
+5 2
+2 2
+1 2
+1 2
+1 2
+2 2
+1 2
+1 2
+1 2
+2 2
+1 2
+2 2
+22 2
+2 2
+2 1
+7 1

fl=(76)
fn=(314)
182 5
+1 4
+1 12
+1 2
+3 2
+4 1
-9 6

totals: 3418641105
